# /target_pose/position/x, /target_pose/position/y, /robot_pose/position/x, /robot_pose/position/y
-0.001689720358766910735, -0.0001027633765146307443, , 
-0.001689720358766910735, -0.0001027633765146307443, , 
0, 5.5511151231257827021e-17, , 
0, 5.5511151231257827021e-17, , 
-0.001689720358766910735, -0.0001027633765146307443, , 
0, 5.5511151231257827021e-17, , 
0, 5.5511151231257827021e-17, , 
0, 5.5511151231257827021e-17, , 
0, 5.5511151231257827021e-17, , 
0, 5.5511151231257827021e-17, , 
0, 5.5511151231257827021e-17, , 
0, 5.5511151231257827021e-17, , 
-0.001689720358766910735, -0.0001027633765146307443, , 
0, 5.5511151231257827021e-17, , 
-0.001689720358766910735, -0.0001027633765146307443, , 
0, 5.5511151231257827021e-17, , 
0, 5.5511151231257827021e-17, , 
0, 5.5511151231257827021e-17, , 
0, 5.5511151231257827021e-17, , 
0, 5.5511151231257827021e-17, , 
0, 5.5511151231257827021e-17, , 
0, 5.5511151231257827021e-17, , 
0, 5.5511151231257827021e-17, , 
0, 5.5511151231257827021e-17, , 
0, 5.5511151231257827021e-17, , 
-0.001689720358766910735, -0.0001027633765146307443, , 
0, 5.5511151231257827021e-17, , 
-0.014211235131726729364, -0.0024514168111775536119, , 
0.017304443046493700464, 0.00040093016092168642928, , 
0.082382120256113022805, -0.0013121691779525435084, , 
0.15573987311106463061, -0.004084406200737217274, , 
0.22364793709084662687, -0.0015640670307766890712, , 
0.32235374331998456476, -0.0051469575632264730203, , 
0.39075078627389880914, -0.0056068174551197613731, , 
0.46375802873818855465, -0.046104532771839679128, , 
0.48363275639473701784, -0.046050654219695452696, , 
0.50349994104419959484, -0.046047085181438518475, , 
0.58072808255039709557, -0.064961151590058996419, , 
0.64212814221868974585, 0.020469054026580835171, , 
0.67073816394385121775, -0.039447499680214104245, , 
0.73353851405536518726, -0.02902509168308053944, , 
0.76913660208699852205, -0.075937597060477202149, , 
0.78276548109491428384, -0.030078330745393788703, , 
0.83091314196362708877, -0.057138309004575393857, , 
0.87625885992919494427, -0.036863833285935676543, , 
0.93046851020490617401, -0.08910445229796337685, , 
0.97110565655825697995, -0.090600560595262003005, , 
1.0321837123719224127, -0.053548351385694914484, , 
1.041898264954995712, -0.015561963765336361831, , 
1.0914299337321418104, -0.018329770955305857427, , 
1.1193761298171471807, -0.040076977140789615817, , 
1.1676234920966641617, -0.061758974595243376626, , 
1.20450942834328667, -0.098471412313676509598, , 
1.2359771939417039111, -0.059766752248411769699, , 
1.3305638474134326987, -0.10016662216925809048, , 
1.3878692403401871047, -0.031805788632339737632, , 
1.487027590458278592, -0.055725104854521312348, , 
1.5719707260729101073, -0.12924803305420251576, , 
1.561461411063896243, -0.065070971569345825714, , 
1.6143092818485500484, -0.062550888169688789731, , 
1.6415236456011332855, -0.078751334174506748553, , 
1.6960740405411864895, -0.086328859205615060546, , 
1.7102932290824228723, -0.088172133117782713896, , 
1.7332476312427143039, -0.086689319084698901463, , 
1.7203617526698400386, -0.051200325833416382437, , 
1.7297799803597684321, -0.031802931724130178992, , 
1.7876370360825939443, -0.054359586407797699792, , 
1.8103590191461325087, -0.050789714190401902272, , 
1.8325597932236321608, -0.054650069876202245212, , 
1.9227466172142646528, -0.12520442770403317212, , 
1.9123072536600760341, -0.09917403073343278308, , 
1.9353211190918162554, -0.10352283069992562758, , 
1.9530923134415782982, -0.13663344960781920179, , 
1.9050764101498962599, -0.071728305775260459143, , 
1.9585677874603291126, -0.14551552179342186477, , 
1.9296026534626473659, -0.098925722938397964157, , 
1.9576843502033682842, -0.14983200625104364789, , 
1.8977037848417872556, -0.078312326364717854688, , 
1.8801257764599217381, -0.050112731975995306044, , 
1.861679064690248353, -0.028943814158291392147, , 
1.904184427495912324, -0.095265328012242189715, , 
1.9419780525832195384, -0.15383154331310144869, , 
1.9682747099045725392, -0.19686028872013805469, , 
1.9928426962552656665, -0.23309048462562209636, , 
1.9278240635297707595, -0.14137724003474438916, , 
1.9162736945429321711, -0.11171889061563389234, , 
1.8967704569764514133, -0.08664995966197608368, , 
1.9145041215802762746, -0.11442447067495198354, , 
1.8971523734647224302, -0.084666670809106392426, , 
1.8971523734647224302, -0.084666670809106392426, , 
1.8971523734647224302, -0.084666670809106392426, , 
1.8971523734647224302, -0.084666670809106392426, , 
1.895140487160475562, -0.078362131875099549916, , 
1.9103517219277332817, -0.070291413588146056668, , 
1.9174283146919590681, 0.03611623802573582509, , 
1.9207223849276855443, 0.10531259077045063144, , 
1.9362238378954457207, 0.22936755612214865252, , 
1.9382743808387525863, 0.24725965970720045761, , 
1.9474951331710199653, 0.29403629746729825767, , 
1.9390714345568944577, 0.40564710038886642174, , 
1.9440224143420303804, 0.43240582077629280411, , 
1.9499187759101932471, 0.46947765418578879526, , 
1.9483935559321263753, 0.54426148499568682837, , 
1.9498387227832683077, 0.58603425685118337718, , 
1.9488785546909106472, 0.63901243114989347838, , 
1.9567339392042111257, 0.65054555789013135403, , 
1.9559286685668630934, 0.67292019928646551463, , 
1.9476966822328953821, 0.78008388907426329251, , 
1.9568673076648086528, 0.81314416561626490232, , 
1.9560599859120038069, 0.86475843591183498837, , 
1.9543348286326840402, 0.88497105035759482394, , 
1.9565076178347098335, 0.94237692061119748832, , 
1.9563067374820382049, 0.95815508795680537357, , 
1.9524310476033179818, 0.99353816225450153343, , 
1.96129445898828636, 1.0021171870980198904, , 
1.9534541707840777924, 1.0463831245407053672, , 
1.9617577592388437679, 1.0413176841491531555, , 
1.9619958679857796291, 1.0699256326962134356, , 
1.9654919389519718287, 1.0767894109954689874, , 
1.9618340333515069673, 1.1003745964770539345, , 
1.9657466834983474691, 1.1354016569435665396, , 
1.9640275350799412113, 1.1559080858012222848, , 
1.9695755773704708425, 1.1837532133708819071, , 
1.958193477917113956, 1.2206752591019134346, , 
1.9688325946863254323, 1.2274080881669464649, , 
1.9643287931282431558, 1.24779227475926624, , 
1.9599153842846992468, 1.2416301300733831869, , 
1.96951198768582314, 1.2125384616427146156, , 
1.9721212677233459498, 1.2154524844435783404, , 
1.9719794573111697478, 1.2153010519321003624, , 
1.9706620381241326534, 1.2192752782854421323, , 
1.9665702694130908768, 1.229440076883981936, , 
1.9764396127047223484, 1.2033935069322867495, , 
1.968533468037987344, 1.2319176241444846909, , 
1.9639989415784746551, 1.2465564579545955759, , 
1.963609049779757143, 1.2485002149578374731, , 
1.9610220493920111906, 1.253605723515531567, , 
1.9667548692686440681, 1.2459246820710634385, , 
1.9793845378037833171, 1.2239493370693250718, , 
1.9760500854484253086, 1.2356747012470286062, , 
1.9819494817712501877, 1.2229257777226529846, , 
1.9878255613597941576, 1.2115406889217215092, , 
1.9808766588448092349, 1.2278793445134430495, , 
1.9870834369852024004, 1.2119642257359628523, , 
1.9816753814724368254, 1.2287829427053615916, , 
1.9815820759883511215, 1.226825258271511343, , 
1.9837915549205384913, 1.2225777354059106372, , 
1.9831061104965210795, 1.2289787951592177073, , 
1.9894122764413846305, 1.2172834810161281549, , 
1.9884157562541364683, 1.2271390223134848174, , 
1.9882277589195576084, 1.2267986761964631004, , 
1.9884157562541364683, 1.2271390223134848174, , 
1.9838649778081267616, 1.2351457889837951232, , 
1.9806732032169573898, 1.2431340909874022405, , 
1.9838649778081267616, 1.2351457889837951232, , 
1.9838649778081267616, 1.2351457889837951232, , 
1.9838649778081267616, 1.2351457889837951232, , 
1.9757609999091205744, 1.2131885992629394266, , 
1.9569617296732801925, 1.2269249444453607101, , 
1.9084362384422077774, 1.2417137813935805735, , 
1.8937626104005460537, 1.2266158209411062163, , 
1.8487112598424872978, 1.2201813806274297569, , 
1.8088362673182334373, 1.2236429238218695659, , 
1.7578797511808486043, 1.2171082839110478613, , 
1.7307706446777060272, 1.231127530041980167, , 
1.6653307042253642223, 1.2231139546113847238, , 
1.6387392911462592693, 1.2043826141970082055, , 
1.5685201664175083547, 1.1833651547056578401, , 
1.5054285935994529133, 1.2013245165412282933, , 
1.4683413440576962294, 1.1938129513497628409, , 
1.4433594964068192645, 1.179824281325830615, , 
1.3376410482058216367, 1.1948639189842711339, , 
1.2926039702391920461, 1.1996823639565605824, , 
1.2714101093259959629, 1.2005519079139777006, , 
1.2252602601101680868, 1.1989057425033819992, , 
1.193888822639516567, 1.2121777395629078633, , 
1.1608973646543687686, 1.2041106422210643423, , 
1.118387308173156347, 1.1999334360354858564, , 
1.0721281235787567532, 1.2059867614417507653, , 
1.0165757790031335617, 1.2168566348156839574, , 
0.99276747290738898144, 1.1912193031059949977, , 
0.93946953404116007036, 1.2097180408616827751, , 
0.89179650839291046971, 1.2123985155767817989, , 
0.84451053017076871399, 1.2262424722474598582, , 
0.81801752563563390197, 1.2242035949386809168, , 
0.77258009412762929102, 1.2295760754433726625, , 
0.75424276887003904868, 1.2234808663489873393, , 
0.68651670156852206972, 1.2239733729554274078, , 
0.66916503746666267105, 1.2103942154748172921, , 
0.64700626689261675484, 1.2106948030597453059, , 
0.55497635361248931485, 1.2148121174218518004, , 
0.48071862338765092293, 1.2087396262588701035, , 
0.46082213261228566203, 1.2262506849420038435, , 
0.39930124410521966594, 1.2179616499424938958, , 
0.34418704428145774354, 1.2274493003057591611, , 
0.3158249685726942646, 1.2466759843196668633, , 
0.28673563354986381091, 1.2264310835692462387, , 
0.27397508845895268692, 1.2168110248696262232, , 
0.23104667991262589632, 1.2290279623652353713, , 
0.20062685986280953676, 1.2470875161332286574, , 
0.14200021073023144647, 1.2298499335375716601, , 
0.11790475740567835095, 1.2286022974318244749, , 
0.08706228836945850702, 1.2385891858000261934, , 
0.072667719111279505118, 1.2388333545788419165, , 
0.067708885979771649133, 1.2451937100871155462, , 
0.053861341459584433089, 1.2468616139198749337, , 
0.05684734207619462909, 1.2357951432106788481, , 
0.062923587854603946212, 1.2325596504951255028, , 
0.065728403618320330182, 1.2361224739706473397, , 
0.10508378229468573473, 1.2732237992508077529, , 
0.10813446806870596895, 1.2766241024320883479, , 
0.054594680392575312133, 1.2315721664822161241, , 
0.051777287849123776464, 1.2216372443032623707, , 
0.054395303863779498332, 1.2318011122241774302, , 
0.060898243142921859583, 1.2521155970933284252, , 
0.059506248031180486446, 1.2484695661128171196, , 
0.065771616590544312864, 1.261381357432003858, , 
0.06447826377613247173, 1.2657519107686745485, , 
0.064050719587047888481, 1.2687635465079285524, , 
0.060335916580050996672, 1.25837763762909427, , 
0.05735369131937262388, 1.2542724078582283553, , 
0.060518888259074365976, 1.2624596982478579754, , 
0.063116288737973258449, 1.2517366416095419002, , 
0.060096075280489380521, 1.26212299292413066, , 
0.060096075280489380521, 1.26212299292413066, , 
0.063116288737973258449, 1.2517366416095419002, , 
0.063116288737973258449, 1.2517366416095419002, , 
0.1000519972958346937, 1.2815918029871162798, , 
0.080977923618015035245, 1.226060066508150026, , 
0.08249771703369135345, 1.1887671773125298991, , 
0.08467828484532335942, 1.0727574223562166278, , 
0.08340150529253897993, 1.0563093338863465132, , 
0.059684607226035746308, 0.99123391843278141344, , 
0.084524749709292024136, 0.98894065219494464714, , 
0.111069497456320887, 0.97126026091833828069, , 
0.094030984342162726719, 0.84803029225959836168, , 
0.083544836287249957252, 0.81790424454269938792, , 
0.084509707761249996949, 0.77626674404760520609, , 
0.092512250464878764689, 0.76446265360624798824, , 
0.070478063310848826362, 0.63763482070595745022, , 
0.051425150761632343333, 0.584222608200001714, , 
0.056979888129102818084, 0.48342525332389457704, , 
0.085608019128393886277, 0.45170728563662682076, , 
0.058138526713312765892, 0.38004236919994810462, , 
0.071966283917027640271, 0.36079192863102366173, , 
0.065620141434999279539, 0.30131325456341268021, , 
0.056675562420436920164, 0.25846113929235081663, , 
0.062851063373702276138, 0.21441063616212269194, , 
0.03116698326973277311, 0.18754634737600256456, , 
0.053227866493078312971, 0.13683894256704592918, , 
0.028781919049168935842, 0.11218622629103525146, , 
0.023619040488398246325, 0.079034138261600994646, , 
0.05476234744329233628, 0.068563747277281317238, , 
0.045540421836307132253, 0.055609637526728400436, , 
0.031751664061788753557, 0.0084669460201923785192, , 
0.016616268986802129604, -0.010764171957867968432, , 
0.018091304564419763423, 0.0041742414963880369871, , 
0.043486959228216326423, 0.0075470671719204962535, , 
0.057890832821195781221, 0.0078280932286677318288, , 
0.021873917480619509135, 0.0072069187649846100374, , 
0.043206661813287583485, 0.0093667761914902059051, , 
0.028681826169940194404, 0.0099684433971982955303, , 
0.027796214378636774356, 0.010584257197654822757, , 
0.025836839552527246511, 0.013189746502606458645, , 
0.0064233481664361935515, 0.010215819530208031241, , 
0.040997617834533039982, 0.01850820571117750557, , 
0.020641854825514949212, 0.01244074234168424109, , 
0.046459983900089873998, 0.016168525310339298962, , 
0.020516610721210915003, 0.012297933118136455954, , 
0.056150283469395434466, 0.0183011472381439666, , 
0.0019431578455202380695, 0.007283609521073958204, , 
0.017004939943143115855, 0.0094654001293802969563, , 
0.039932602812548623206, 0.012670344682846196305, , 
0.022552019575063475543, 0.011947054532405132488, , 
0.023242099426142193153, 0.010888327746178733113, , 
-0.011349872286177120628, 0.0067124883829787762579, , 
-0.011349872286177120628, 0.0067124883829787762579, , 
-0.011349872286177120628, 0.0067124883829787762579, , 
-0.011349872286177120628, 0.0067124883829787762579, , 
-0.011349872286177120628, 0.0067124883829787762579, , 
-0.011349872286177120628, 0.0067124883829787762579, , 
-0.011349872286177120628, 0.0067124883829787762579, , 
-0.011349872286177120628, 0.0067124883829787762579, , 
-0.011349872286177120628, 0.0067124883829787762579, , 
-0.011349872286177120628, 0.0067124883829787762579, , 
-0.011349872286177120628, 0.0067124883829787762579, , 
-0.011349872286177120628, 0.0067124883829787762579, , 
-0.011349872286177120628, 0.0067124883829787762579, , 
-0.011349872286177120628, 0.0067124883829787762579, , 
-0.011349872286177120628, 0.0067124883829787762579, , 
-0.011349872286177120628, 0.0067124883829787762579, , 
-0.011349872286177120628, 0.0067124883829787762579, , 
-0.011349872286177120628, 0.0067124883829787762579, , 
-0.011349872286177120628, 0.0067124883829787762579, , 
0.06055867992174435166, 0.014423980579294920501, , 
0.0036177003949167119146, 0.0041786520133657301113, , 
0.074482492927287369255, 0.0082896406787772991542, , 
0.097137188408384478322, 0.0086842753422853857792, , 
0.13207598400950604223, 0.006810875220843309874, , 
0.1502138805663830734, 0.0067915172325566097733, , 
0.21929734726863925331, 0.0076660161613734956187, , 
0.25785688136938289539, 0.0079043760788367889436, , 
0.31454732822922726321, 0.0023066067756431218871, , 
0.37083424373357254389, 0.0060013115122029281334, , 
0.40113589332669463694, 0.0036237909656108846512, , 
0.42393825606500734615, 0.0056109553121327371272, , 
0.43227949394867526411, -0.10719410959536856964, , 
0.47355985309748971357, -0.070819003226238574911, , 
0.52369263463455684171, -0.068841281254418795754, , 
0.56836804647520788869, -0.042420223381272936791, , 
0.64125067459140028259, -0.029649898575897282171, , 
0.66014402483912404396, -0.024099798268865324502, , 
0.69944875558206431876, -0.024553709788914357404, , 
0.76841799419682876859, -0.10240763065547930921, , 
0.79788066266023260908, -0.026548796831990628675, , 
0.84724293167456043996, -0.028021474404543500469, , 
0.93378843062588701152, -0.048213531274968524087, , 
0.98953131370357372276, -0.077566888853558335626, , 
1.0071652255201428705, -0.059507341909593058915, , 
1.1086490964770012724, -0.019016963453486468438, , 
1.1644522027082364612, -0.046633333708608670776, , 
1.2453037916449110067, -0.074495331229784245153, , 
1.2714392966047980416, -0.018437311946366996551, , 
1.3118280852571895245, -0.021477106987279004358, , 
1.3236257903171135819, -0.0020785523282258466793, , 
1.4539569372629415067, -0.12842699300310522759, , 
1.542618914420064824, -0.075551485565888754081, , 
1.5618193566958697982, -0.067865706332871589268, , 
1.59228648186056021, -0.062181537340400439007, , 
1.6584430179793872018, -0.079673960010649302887, , 
1.6693093069532840556, -0.081116455015073363199, , 
1.6952494249775533763, -0.063754507104654578598, , 
1.741710027028957164, -0.068597934029384077803, , 
1.7772792300732196402, -0.10786212171893438949, , 
1.7943499841682137852, -0.044305182093396400234, , 
1.8588939223029270487, -0.11627483013061468142, , 
1.8616488113832581064, -0.086146707723473436857, , 
1.8778800314622732248, -0.065247629460911227284, , 
1.917861113357384184, -0.095901593260254269779, , 
1.8807562050621362548, -0.05273535123964201432, , 
1.8873161132548197383, -0.063336511022329400333, , 
1.8858006293239824025, -0.058258469206843965793, , 
1.9069636052474745469, -0.092761403737159575655, , 
1.894638860151398152, -0.081367474683148977022, , 
1.8862131439314517856, -0.088498344176547227846, , 
1.8640685991232148755, -0.043541384046528186502, , 
1.9327310113370808065, -0.1438718541281214236, , 
1.9128619288393142739, -0.11691625444103159737, , 
1.8649863557835524297, -0.07032324497824271603, , 
1.8754840824777625485, -0.083001392934400453072, , 
1.9000300521881641203, -0.11399232552232119176, , 
1.9553516272488233874, -0.20099944147537218697, , 
1.8876640372387913924, -0.10154716991676426829, , 
1.9562879039109135615, -0.20493254287697304505, , 
1.9300776421862051446, -0.15893552066323479721, , 
1.8726753933360060778, -0.069358080799789334492, , 
1.8980689915959805258, -0.11070927569520883083, , 
1.9181454786893994413, -0.13654649797981965875, , 
1.8924032426424211017, -0.10177288133603168419, , 
1.8750401413047379506, -0.078925535650064659876, , 
1.8750401413047379506, -0.078925535650064659876, , 
1.9009594563164551317, -0.11550780789353920497, , 
1.9304885188775970928, -0.15497410741617834162, , 
1.9304885188775970928, -0.15497410741617834162, , 
1.9304885188775970928, -0.15497410741617834162, , 
1.9304885188775970928, -0.15497410741617834162, , 
1.9304885188775970928, -0.15497410741617834162, , 
1.8882392717553451167, -0.067868766516777867537, , 
1.8977975934865665142, -0.069642769955674754812, , 
1.8548179519584397923, 0.014780147667166954051, , 
1.8844919669906812221, 0.027044654152838631944, , 
1.8923138630417561945, 0.034574678256451552016, , 
1.9046693011248594374, 0.061170386827039902045, , 
1.8850122874967560893, 0.13832324282831631734, , 
1.9138609907688404199, 0.26069564858591387502, , 
1.9215149674443874339, 0.32243564303622984646, , 
1.9234134479579214627, 0.41634604401625302517, , 
1.9238603445246114099, 0.52457630168734747933, , 
1.9327324963678200742, 0.61037290751769379682, , 
1.9333110519948775163, 0.65182751108873304702, , 
1.9322536486961292557, 0.71804462775671495933, , 
1.9309361434301128835, 0.76233604402971888447, , 
1.9285665188140665993, 0.8069883224306285685, , 
1.9367314319755684071, 0.88481669048899802554, , 
1.9357783159861776667, 0.9820977852868439939, , 
1.9361720788776293212, 0.9972766900523664102, , 
1.9431702237705015257, 1.0073247643242408955, , 
1.9376816506111262939, 1.0419561189058170747, , 
1.9455936950902383842, 1.0845101888848800442, , 
1.9396158420665501332, 1.1230488233589537295, , 
1.9410791573136849664, 1.1230324990570195176, , 
1.9428769290451963769, 1.1477943562984003201, , 
1.9420673970935862229, 1.1777311639735279503, , 
1.9481930518732557545, 1.1735591443345807505, , 
1.9473473796548939063, 1.2185988513300458624, , 
1.9463906425637875763, 1.2257617101358715406, , 
1.9525358055047625783, 1.2082581206828935105, , 
1.9507142487991313562, 1.2152237064445552406, , 
1.9474284939293822205, 1.2268590678282611517, , 
1.952056265686319847, 1.2183582603065636896, , 
1.9515453941838889484, 1.2233625189746333284, , 
1.9495959381824174983, 1.2354305177664708371, , 
1.9451198279007324565, 1.245630712912381366, , 
1.948031300442227165, 1.2450796553748204598, , 
1.9607279069365151081, 1.2231615608709545118, , 
1.9622870502331415388, 1.2280092421811459324, , 
1.9663244037613889503, 1.2136122468840704336, , 
1.964461169610893343, 1.2267444811145507, , 
1.9641977986740988271, 1.228788242904843786, , 
1.9738819505944533717, 1.2098763506888510211, , 
1.9677305585343010108, 1.2313745079954583339, , 
1.9677305585343010108, 1.2313745079954583339, , 
1.9677305585343010108, 1.2313745079954583339, , 
1.9677305585343010108, 1.2313745079954583339, , 
1.92791485201940338, 1.2212120919759354987, , 
1.8738279535340489623, 1.2062112695533688811, , 
1.8460319738724662031, 1.2167583498067620074, , 
1.7636140688191923598, 1.2190450917781976425, , 
1.6817952774365096946, 1.2170763657038810024, , 
1.522163580521261661, 1.1944579061248563612, , 
1.4104549076331018842, 1.2047396880057192892, , 
1.3570459164216905901, 1.194996075790319745, , 
1.2308205146725614831, 1.2129374853995331662, , 
1.1724202432834680554, 1.205530143807983734, , 
1.1286565545193443239, 1.2125109569330030368, , 
1.0813321207180244254, 1.2146110220638970389, , 
1.0595720961082315537, 1.2153721356052249458, , 
0.91782706896107479899, 1.2332853897576914193, , 
0.81525852675779131307, 1.2300130221150196164, , 
0.76725567713473452613, 1.2406568799113026902, , 
0.7191930434274602657, 1.236961515177934956, , 
0.67759940980492916474, 1.2368255861982508925, , 
0.65806558698778006011, 1.2423561403830800653, , 
0.6047063341470718667, 1.2525174968869672298, , 
0.58853556743844015475, 1.2399318387103099859, , 
0.4945480362999956081, 1.2445758431782467657, , 
0.45270485799560944429, 1.2486422676575990032, , 
0.37021172706836275035, 1.2412222498718612496, , 
0.33344267352237222379, 1.2523634808655070838, , 
0.31232637981365607427, 1.2599571087876757502, , 
0.28820115975744503567, 1.2498310858760319775, , 
0.25323249448490636748, 1.2404863064477404944, , 
0.23081860437870965752, 1.2403664301344736742, , 
0.20766362160143775339, 1.241419693371790034, , 
0.16284742037608862519, 1.2399861825151101691, , 
0.15705535073093329634, 1.2582826089802485736, , 
0.12788488692535415758, 1.2407416976579315193, , 
0.12398869391809730356, 1.2602312853030501749, , 
0.08331902352625364383, 1.2414718141468272794, , 
0.069454409545643525092, 1.2631370344776065018, , 
0.086665764738381501076, 1.2743947074868973157, , 
0.063850574504959900501, 1.2599977746521353605, , 
0.063850574504959900501, 1.2599977746521353605, , 
0.060090575653367173103, 1.2446147845252959474, , 
0.06296095193334644291, 1.2659300696831916611, , 
0.063544291518413953401, 1.2593498515321104314, , 
0.06900307913656944514, 1.2623957585786305113, , 
0.06655840940213697543, 1.2461552530067108169, , 
0.11380524912579814689, 1.2934358972962425316, , 
0.068481749798379787375, 1.2674299995749089831, , 
0.068452176977366552268, 1.2635344565205057776, , 
0.06555308921436631131, 1.2603637800820202131, , 
0.06014490553452372934, 1.2408577219128089641, , 
0.058415519089731360314, 1.2372828942846865186, , 
0.076500896240212723498, 1.2854928581349440719, , 
0.073029686002956839541, 1.2761492386969910395, , 
0.070574827542486728849, 1.2695170513673432744, , 
0.064932294121028799605, 1.2605328832205973111, , 
0.069245458614101196293, 1.2732815389913314519, , 
0.06489915954609470905, 1.2654762384008764187, , 
0.073855912704968051941, 1.2904800726498821817, , 
0.0623349164515541454, 1.2704177845400215219, , 
0.0623349164515541454, 1.2704177845400215219, , 
0.0623349164515541454, 1.2704177845400215219, , 
0.0623349164515541454, 1.2704177845400215219, , 
0.0623349164515541454, 1.2704177845400215219, , 
0.0623349164515541454, 1.2704177845400215219, , 
0.066471859655851728288, 1.2780243134708344499, , 
0.069877238126700935705, 1.2803707401831656565, , 
0.087244613670765636115, 1.1856811794139809901, , 
0.084183792290553727256, 1.137095620191322265, , 
0.082995543229801516105, 1.0933920324799923929, , 
0.083303413336172971171, 1.07427752437314461, , 
0.089465628490619009128, 1.0356390119451299725, , 
0.056040877923863974264, 0.95240075939279678074, , 
0.082786702624984664922, 0.94342612409810144847, , 
0.1115875694580430455, 0.94180030210009735292, , 
0.084955523297043589181, 0.87840025987999648116, , 
0.093149893543711170807, 0.80469640219837068607, , 
0.081195437372469481119, 0.74680573470730804431, , 
0.069068170809668538723, 0.65812556476664774152, , 
0.091338018603731363498, 0.56494448876345737531, , 
0.053918869599904439838, 0.47814939438916254089, , 
0.066180685005423178779, 0.3808296313241339992, , 
0.078345633584942619976, 0.36314732571102198433, , 
0.076500982440817599795, 0.28084140617753056146, , 
0.03602824579938679328, 0.20167350370969344686, , 
0.042102441176553151436, 0.19534690378310143322, , 
0.074602772802861982981, 0.18507356238511746271, , 
0.067918869185966679325, 0.17205049549197209968, , 
0.060819525355785719611, 0.12311772330742604131, , 
0.076899069988399348929, 0.072361675970862016083, , 
0.04241680157310701027, 0.010804908715296407395, , 
0.050803507383477164439, 0.0010699029852815067354, , 
0.046371324859448392885, 0.0014486058276003688228, , 
0.046371324859448392885, 0.0014486058276003688228, , 
0.046371324859448392885, 0.0014486058276003688228, , 
0.057839190072894286487, 0.0076669663466089055248, , 
0.064926900096424100539, 0.0095710338774101511028, , 
0.0383214516940961758, 0.015405297983324933719, , 
0.055733544741183527194, 0.016712457278967640661, , 
0.039447243582694246911, 0.013327643903928182434, , 
0.053356548091065603145, 0.016011752516668698032, , 
0.032685399607402798594, 0.015718971210881865774, , 
0.05050160545431725545, 0.019923217292781542076, , 
0.052348464841044162199, 0.018997391669628577171, , 
0.037150758946053352716, 0.016806214047739242989, , 
0.046844593792241706609, 0.01679893826277736868, , 
0.04246453433193164706, 0.017207794690976024876, , 
0.059841368569421460322, 0.018941651835894551814, , 
0.04250027507814713168, 0.015073423822026504881, , 
0.026059898050820429205, 0.012834545229012339629, , 
0.045250684329523949145, 0.014993676338458411523, , 
0.029062621422806689253, 0.012309147279723819945, , 
0.027092106698562767875, 0.014971681565618344401, , 
0.027092106698562767875, 0.014971681565618344401, , 
0.040616899782798254748, 0.015019522064355139701, , 
0.014893044930960774863, 0.011177509567290772052, , 
0.0005255285992209479673, 0.0081827804007643945017, , 
0.0005255285992209479673, 0.0081827804007643945017, , 
0.0005255285992209479673, 0.0081827804007643945017, , 
0.0005255285992209479673, 0.0081827804007643945017, , 
0.0005255285992209479673, 0.0081827804007643945017, , 
0.0005255285992209479673, 0.0081827804007643945017, , 
0.0005255285992209479673, 0.0081827804007643945017, , 
0.0005255285992209479673, 0.0081827804007643945017, , 
0.0005255285992209479673, 0.0081827804007643945017, , 
0.0005255285992209479673, 0.0081827804007643945017, , 
0.0005255285992209479673, 0.0081827804007643945017, , 
0.0005255285992209479673, 0.0081827804007643945017, , 
0.0005255285992209479673, 0.0081827804007643945017, , 
0.0005255285992209479673, 0.0081827804007643945017, , 
0.0005255285992209479673, 0.0081827804007643945017, , 
0.0005255285992209479673, 0.0081827804007643945017, , 
0.0005255285992209479673, 0.0081827804007643945017, , 
0.0005255285992209479673, 0.0081827804007643945017, , 
0.0005255285992209479673, 0.0081827804007643945017, , 
0.0005255285992209479673, 0.0081827804007643945017, , 
0.0005255285992209479673, 0.0081827804007643945017, , 
0.0005255285992209479673, 0.0081827804007643945017, , 
0.0005255285992209479673, 0.0081827804007643945017, , 
0.0005255285992209479673, 0.0081827804007643945017, , 
0.0005255285992209479673, 0.0081827804007643945017, , 
0.0005255285992209479673, 0.0081827804007643945017, , 
0.0005255285992209479673, 0.0081827804007643945017, , 
0.0005255285992209479673, 0.0081827804007643945017, , 
0.0005255285992209479673, 0.0081827804007643945017, , 
0.0005255285992209479673, 0.0081827804007643945017, , 
0.0005255285992209479673, 0.0081827804007643945017, , 
0.0005255285992209479673, 0.0081827804007643945017, , 
0.0005255285992209479673, 0.0081827804007643945017, , 
0.0005255285992209479673, 0.0081827804007643945017, , 
0.0005255285992209479673, 0.0081827804007643945017, , 
0.0005255285992209479673, 0.0081827804007643945017, , 
0.0005255285992209479673, 0.0081827804007643945017, , 
0.0005255285992209479673, 0.0081827804007643945017, , 
0.0005255285992209479673, 0.0081827804007643945017, , 
0.0005255285992209479673, 0.0081827804007643945017, , 
0.0005255285992209479673, 0.0081827804007643945017, , 
0.0005255285992209479673, 0.0081827804007643945017, , 
0.0005255285992209479673, 0.0081827804007643945017, , 
0.0005255285992209479673, 0.0081827804007643945017, , 
0.0005255285992209479673, 0.0081827804007643945017, , 
0.0005255285992209479673, 0.0081827804007643945017, , 
0.0005255285992209479673, 0.0081827804007643945017, , 
0.0005255285992209479673, 0.0081827804007643945017, , 
0.0005255285992209479673, 0.0081827804007643945017, , 
0.0005255285992209479673, 0.0081827804007643945017, , 
0.0005255285992209479673, 0.0081827804007643945017, , 
0.0005255285992209479673, 0.0081827804007643945017, , 
0.0005255285992209479673, 0.0081827804007643945017, , 
0.0005255285992209479673, 0.0081827804007643945017, , 
0.0005255285992209479673, 0.0081827804007643945017, , 
0.0005255285992209479673, 0.0081827804007643945017, , 
0.0005255285992209479673, 0.0081827804007643945017, , 
0.0005255285992209479673, 0.0081827804007643945017, , 
0.0005255285992209479673, 0.0081827804007643945017, , 
0.0005255285992209479673, 0.0081827804007643945017, , 
0.0034755199845399875613, 0.0084705911082566809345, , 
0.0005255285992209479673, 0.0081827804007643945017, , 
0.0005255285992209479673, 0.0081827804007643945017, , 
0.0005255285992209479673, 0.0081827804007643945017, , 
0.0034755199845399875613, 0.0084705911082566809345, , 
0.0005255285992209479673, 0.0081827804007643945017, , 
0.0005255285992209479673, 0.0081827804007643945017, , 
0.0005255285992209479673, 0.0081827804007643945017, , 
0.0005255285992209479673, 0.0081827804007643945017, , 
0.0005255285992209479673, 0.0081827804007643945017, , 
0.0005255285992209479673, 0.0081827804007643945017, , 
0.0005255285992209479673, 0.0081827804007643945017, , 
0.0005255285992209479673, 0.0081827804007643945017, , 
0.0005255285992209479673, 0.0081827804007643945017, , 
0.0005255285992209479673, 0.0081827804007643945017, , 
0.0005255285992209479673, 0.0081827804007643945017, , 
0.0005255285992209479673, 0.0081827804007643945017, , 
0.0005255285992209479673, 0.0081827804007643945017, , 
0.0005255285992209479673, 0.0081827804007643945017, , 
0.0005255285992209479673, 0.0081827804007643945017, , 
0.0005255285992209479673, 0.0081827804007643945017, , 
0.0005255285992209479673, 0.0081827804007643945017, , 
0.0005255285992209479673, 0.0081827804007643945017, , 
0.0005255285992209479673, 0.0081827804007643945017, , 
0.0005255285992209479673, 0.0081827804007643945017, , 
0.0034755199845399875613, 0.0084705911082566809345, , 
0.0005255285992209479673, 0.0081827804007643945017, , 
0.0034755199845399875613, 0.0084705911082566809345, , 
0.0034755199845399875613, 0.0084705911082566809345, , 
0.0005255285992209479673, 0.0081827804007643945017, , 
0.0005255285992209479673, 0.0081827804007643945017, , 
0.0034755199845399875613, 0.0084705911082566809345, , 
0.0005255285992209479673, 0.0081827804007643945017, , 
0.0034755199845399875613, 0.0084705911082566809345, , 
0.0005255285992209479673, 0.0081827804007643945017, , 
0.0005255285992209479673, 0.0081827804007643945017, , 
0.0034755199845399875613, 0.0084705911082566809345, , 
0.0034755199845399875613, 0.0084705911082566809345, , 
0.066771126842249506339, 0.016733543702984798873, , 
0.078906375253711358297, 0.011311921529054941304, , 
0.105885371102057535, 0.0053421470814114524472, , 
0.15575993143535327157, 0.0062359009715831359433, , 
0.26416961535410821149, 0.013624798413558458776, , 
0.33206770198157387064, 0.005037967363790363251, , 
0.42335659485962673365, 0.002585266585077461432, , 
0.45400873855017837011, -0.034971524706858048148, , 
0.49886335774448525848, -0.042074541473383852974, , 
0.51872607233373058122, -0.042111272473163374741, , 
0.59139344404463389804, -0.023769630546026210283, , 
0.64387178408401557483, -0.069404425073033682025, , 
0.71086358636542201772, -0.06630152233875241663, , 
0.75182296810984805546, -0.033193038046156697618, , 
0.81599547690936369282, -0.0039442970738812199727, , 
0.83551770611071574102, -0.0046165957544679336877, , 
0.88771574917415063677, -0.043971385927922490566, , 
0.94603908396588720642, -0.08565334454592710145, , 
0.96838145351893278878, -0.0082769233983643886177, , 
1.0353508007279164094, -0.006094138180976926833, , 
1.0719528562336433364, -0.05279518193674404003, , 
1.0920921865715207399, -0.053746165916042976107, , 
1.1426185871330831745, -0.056391974369249808774, , 
1.162906538278572155, -0.057561535321989154568, , 
1.1950466378598900707, -0.022509257003664906449, , 
1.2359913736740906209, -0.077001878902830167561, , 
1.3019970845248722835, -0.060684347102082369929, , 
1.3310073840734628625, -0.079170072814545022766, , 
1.3832934324538888049, -0.083808917740486599257, , 
1.3997136817551301124, -0.028557572789043028649, , 
1.4566762429004880275, -0.057050307949254808193, , 
1.5211572479847192962, -0.082848611974414509973, , 
1.5214483548452837347, -0.034954245061734834366, , 
1.5856660383925407221, -0.080992542037127357446, , 
1.5944718407939932892, -0.055847432095988747136, , 
1.6344405336413296848, -0.084078931418533287001, , 
1.6631893960568804314, -0.082547877778875289323, , 
1.6589976529167513863, -0.019011847878394050326, , 
1.7232938253547307461, -0.086590631197343448378, , 
1.7343649720527107849, -0.088278629595404112251, , 
1.764628196152266959, -0.10177802372767974504, , 
1.7849169193026324098, -0.099946937011061720568, , 
1.7968840661408420623, -0.077116486382506899133, , 
1.8241129555325790168, -0.10288624583684491398, , 
1.8650924437508134002, -0.11388984371137977902, , 
1.8707010774456904745, -0.10630352443986801347, , 
1.868433198546688434, -0.05400828263218926395, , 
1.8796990219806888334, -0.056122181129463655225, , 
1.9702757038438662995, -0.12781600797684911086, , 
1.9114372372208561224, -0.059783024353565750175, , 
1.9153574807672484326, -0.060636354489633781384, , 
1.9200388351890669281, -0.065100931009292928309, , 
1.9233452031842694918, -0.074389348117077869205, , 
1.9414348200245383769, -0.10812811943470546083, , 
1.9693367809985706796, -0.1512622612818392831, , 
1.9693367809985706796, -0.1512622612818392831, , 
1.8987939658502184237, -0.058989822959754523168, , 
1.9218194735549194441, -0.094611293578513944169, , 
1.9526144777879110848, -0.14480073434927698273, , 
1.9607047749151291782, -0.15832609868706892797, , 
1.9091086519822961787, -0.082690606855127413155, , 
1.9281167360712621051, -0.13135080911497087897, , 
1.9087134572392547849, -0.12181246706040660399, , 
1.8967619446295633789, -0.10820572710607567757, , 
1.9242657355505843331, -0.15147306575344732238, , 
1.8990979139041119783, -0.11237833805199848314, , 
1.9395902270369662634, -0.17217805367235472502, , 
1.9395902270369662634, -0.17217805367235472502, , 
1.9395902270369662634, -0.17217805367235472502, , 
1.9395902270369662634, -0.17217805367235472502, , 
1.9444489645415012902, -0.16007835061902797591, , 
1.9188899294431558396, -0.063060065033066159401, , 
1.9099100117640066543, 0.026429131970451269495, , 
1.8854641190806953333, 0.14993805248285241305, , 
1.9359114658880369753, 0.19625243186905658166, , 
1.9326131302580171756, 0.21845366433922433491, , 
1.930437322383175669, 0.26508800482745947802, , 
1.9431665063813974292, 0.28533061361673334178, , 
1.9334670201019079627, 0.33039466530543937228, , 
1.9432496564943648742, 0.37640414697655089071, , 
1.941951567388917832, 0.39766664059073364434, , 
1.9327519572285567495, 0.44593320016358262148, , 
1.9412981720334689939, 0.46321486002006001526, , 
1.942277500432127324, 0.51154162782072931659, , 
1.9414430242264286708, 0.55473330259900188732, , 
1.9421488053647539829, 0.62871369397506482457, , 
1.9355837437673699686, 0.67690458385676899322, , 
1.9480105255952977483, 0.68816168309822156601, , 
1.9473999237279020491, 0.7113386719154263238, , 
1.9455759237753902369, 0.76258771863024810145, , 
1.9446832499201711641, 0.77578626431140917941, , 
1.9460901432100703445, 0.82567261531942226505, , 
1.9458397635135362691, 0.88230536389592217894, , 
1.9462980657643247362, 0.92389863695525042964, , 
1.9425417632201047446, 0.95914709898726946413, , 
1.9427026872068156038, 0.99677850786703792174, , 
1.9412539017743113412, 1.0130785791092318249, , 
1.9416080014903840389, 1.0302968951422784016, , 
1.9418240260635730721, 1.0429262134199877021, , 
1.9452646036095506688, 1.0505586692352546496, , 
1.9379700607218677266, 1.0958978064828239773, , 
1.9383660728200520218, 1.1109882791292515769, , 
1.9488830851589422632, 1.100792163745914376, , 
1.9476309788672356849, 1.1232451766500237689, , 
1.9443806885483279068, 1.15097851241382787, , 
1.9556421834531385606, 1.1377246702510339649, , 
1.949511526609775558, 1.1668267864490626806, , 
1.9533641386070463852, 1.168480487968861059, , 
1.9495386314493259317, 1.227863313680012336, , 
1.9505484581091212526, 1.2154168689074877907, , 
1.9489905958102324846, 1.2167988827555495934, , 
1.9528858520847940383, 1.2159607166205885775, , 
1.9504144072326234927, 1.2189878721516449467, , 
1.9504144072326234927, 1.2189878721516449467, , 
1.9504144072326234927, 1.2189878721516449467, , 
1.9446248546734010709, 1.2310561437610998414, , 
1.9430006868979976531, 1.2332710426618895827, , 
1.9533694745121168435, 1.2042987322288016827, , 
1.9554844246664959684, 1.1982351988972903545, , 
1.9562212357369608284, 1.2021909888376662856, , 
1.9508892092375780258, 1.2162200833032270619, , 
1.9592696235356330536, 1.2003753055634258651, , 
1.9588324159576457895, 1.2027345774085318464, , 
1.9526062543173863251, 1.2187618032614662145, , 
1.9576532151193750675, 1.2120874603359548249, , 
1.9462055851002313389, 1.2377201623534579422, , 
1.9395109078996761731, 1.2602991321736949359, , 
1.954752547255761197, 1.2243164160614827818, , 
1.9472882575170595842, 1.2402952410131757865, , 
1.9566590455985721775, 1.2254910864113472968, , 
1.960299554814576517, 1.2212944680594011171, , 
1.957411976877031945, 1.2306777139177951241, , 
1.9629076969525360852, 1.2240632619522890945, , 
1.9723249330675458602, 1.1987212345020035187, , 
1.9662038290188124101, 1.2151879806260577066, , 
1.9700528924947322551, 1.2123439021863995357, , 
1.9676971722164744438, 1.2142848167548994098, , 
1.9769555276681938238, 1.1963868170176259476, , 
1.9769555276681938238, 1.1963868170176259476, , 
1.9725055648178511092, 1.2075580580440019585, , 
1.9736251245344262895, 1.2068632705089994417, , 
1.9778590504020563401, 1.1947977679661252459, , 
1.9778590504020563401, 1.1947977679661252459, , 
1.9778590504020563401, 1.1947977679661252459, , 
1.9676452054037398831, 1.2167193557756490474, , 
1.962717846686339529, 1.2109907099367391847, , 
1.9334567311217969454, 1.2179412671515759126, , 
1.8986459267691122577, 1.2019866803647867304, , 
1.8476944033112066013, 1.2079942743203624378, , 
1.833727695433581939, 1.1987390271419189336, , 
1.8084531524009312964, 1.2069530590742150178, , 
1.7648262433461203713, 1.2096001706808987564, , 
1.7152383765266754345, 1.2090482100525159481, , 
1.6869953865519411451, 1.1919616569542914597, , 
1.6385429805040923057, 1.2222398300601953203, , 
1.5480579110474561588, 1.1811841810327414759, , 
1.5344891601712324913, 1.1755525390407461916, , 
1.485138625181685601, 1.1846818409029369334, , 
1.4400956476724753319, 1.1824546984453303544, , 
1.3776915173126753622, 1.2020036101268520845, , 
1.368651168140412544, 1.1921718913556391684, , 
1.3000266060328047324, 1.1930321098119465173, , 
1.2698524374506621193, 1.183461817713567843, , 
1.1952852094040249398, 1.190955808885812317, , 
1.1203839957053811638, 1.1986325624222609054, , 
1.1023393380112853635, 1.1963454632499466168, , 
1.0569591599989780484, 1.2036354760792686847, , 
1.0173301944085364479, 1.1916050450378465886, , 
0.93181298198608852879, 1.1970377555451539031, , 
0.85442331537754312443, 1.2122732269686846696, , 
0.81318905515247807969, 1.2159121595347834877, , 
0.78178959348217902381, 1.2244133464702273706, , 
0.73144890706053644625, 1.1979729088632533607, , 
0.67898687810881086513, 1.1994363145539386206, , 
0.63278602957571272736, 1.2093571933567299759, , 
0.58673560797849400039, 1.2217857895766297549, , 
0.47220566133430402767, 1.2266339156469179272, , 
0.38560129201654191888, 1.2274930503141905369, , 
0.33289063615022906895, 1.2244170056412506664, , 
0.32042894917662068099, 1.2461185728788972682, , 
0.25680694226768485677, 1.2294413062129416758, , 
0.24779047797425943211, 1.2269297346470970922, , 
0.22686284204338685866, 1.2386282986019454544, , 
0.2137330011811769126, 1.2264762056373512689, , 
0.17578645154938388195, 1.2273370645849825955, , 
0.15271937865971590975, 1.2268473234368977298, , 
0.13166519260831599514, 1.2259518652430001495, , 
0.12608267597823302753, 1.2465936155052732559, , 
0.10828337140163807328, 1.2466949071150315032, , 
0.089167906130010077259, 1.2286369631641000932, , 
0.085851439737802737184, 1.2463409058730425816, , 
0.05667749884199679844, 1.2301334062530728808, , 
0.060458021369894865416, 1.2293041871254841713, , 
0.065180833569599694322, 1.2284096676190605635, , 
0.070528279335298815766, 1.2472411144391073456, , 
0.07484938291405446309, 1.2522610025216711627, , 
0.10315264325751694052, 1.2537298277904562749, , 
0.11033977975315667486, 1.2574532983812349851, , 
0.1145966267221589785, 1.2652977180858318018, , 
0.077256606829864182817, 1.2378678149365125449, , 
0.081728326075963420028, 1.2494419320955891806, , 
0.074550503216022023789, 1.2367785490466982612, , 
0.079229036321815604627, 1.2425683229273285502, , 
0.077895735105098118378, 1.2436579630012376541, , 
0.071882935264628411431, 1.2234410429434978695, , 
0.065605782417019198327, 1.2146495589796477699, , 
0.082423034492910218773, 1.2574553682713305314, , 
0.078084035483339475636, 1.2446004512936763575, , 
0.080902222069056339837, 1.2571055537137618696, , 
0.083234684020424498652, 1.2612630585022224228, , 
0.083797334440652015974, 1.2634222374591950189, , 
0.085388791136492392386, 1.2774032562438559779, , 
0.075067513156015730491, 1.2492531158384450052, , 
0.079954808312957814653, 1.2665968597250312211, , 
0.077094914713039308651, 1.2630031748816619164, , 
0.076436480497233116882, 1.2607410972049997167, , 
0.078286004525111640984, 1.2654890473911688531, , 
0.081004750386502899495, 1.2657086544715347998, , 
0.079293800850932572022, 1.2342714326962518356, , 
0.11898414930476053364, 1.2052033565863140563, , 
0.08920282371139509614, 1.0857177596980007728, , 
0.093461842465694111581, 1.0464112681677739669, , 
0.096566299523693110984, 0.9847680446904583107, , 
0.097719622856818011414, 0.96435813895505262394, , 
0.10830556491882781245, 0.93113947119477469272, , 
0.069655910488855221629, 0.8406022851530130513, , 
0.07825795942123492388, 0.82309020747038741384, , 
0.088833635424108159384, 0.76910522912148437946, , 
0.082611250513003886553, 0.72772262174447388539, , 
0.091710527697000054914, 0.66678637471356672073, , 
0.08771835604944322462, 0.62265705230621826161, , 
0.050155523240587474021, 0.5577558879791257862, , 
0.086845176418292258091, 0.55649405864850209902, , 
0.067397652361074644745, 0.50656102070247155389, , 
0.096544396474397276009, 0.4726479373708677989, , 
0.034273501648494075766, 0.38644134892538856141, , 
0.086811291285981750931, 0.36318981390448262792, , 
0.070574126618774490893, 0.29561278027345544439, , 
0.060014825557067164041, 0.28057971491214106496, , 
0.05210171130055685218, 0.19024429682176474676, , 
0.058205864650487271206, 0.18550379351184970167, , 
0.039989167399943070791, 0.15518346432550234049, , 
0.05189445705014805732, 0.12256941133987619974, , 
0.039748084206409295405, 0.10874730284119715762, , 
0.067812950660468329644, 0.094203726114502450706, , 
0.044639526951846475455, 0.058414453221440343356, , 
0.073175313361573790516, 0.032314504526765874814, , 
0.014167172484349732642, 0.013737703647582005795, , 
0.043043869131937917416, -0.0051941257129558271455, , 
0.03470791195265943152, 0.0013617998401964370725, , 
0.022533214544031565651, 0.0017635670009423232152, , 
0.019219797182722597739, 0.0050900446144296618289, , 
0.081931924632947739084, 0.015502010112140363063, , 
0.0078146506645413449377, 0.0051228629895558319696, , 
0.047337860057363956301, 0.014262464678986841449, , 
0.027962843508038570661, 0.010240922165917765163, , 
0.037477530218325449951, 0.011032340811922614066, , 
0.052520419742727808554, 0.014823781403693614411, , 
0.026673386075870997303, 0.013475106492981669959, , 
0.052280274392937142736, 0.015987991579153704169, , 
0.0099615679763822573278, 0.013520907494659617498, , 
0.019465952720870927095, 0.014089592802696421225, , 
0.031080810545080161944, 0.014546682803353028213, , 
0.02652282376474945913, 0.012761719039796143305, , 
0.059429238491633062935, 0.018316290583485467236, , 
0.025075969677553766601, 0.012140576411212827823, , 
0.018728860668389080146, 0.0093895094059724681923, , 
0.014525180230816392424, 0.0096688179524246908869, , 
0.03661093409699822665, 0.013745301833325646035, , 
0.01120126969200896383, 0.010562510649882783653, , 
0.01120126969200896383, 0.010562510649882783653, , 
0.01120126969200896383, 0.010562510649882783653, , 
0.01120126969200896383, 0.010562510649882783653, , 
0.034498413249293147231, 0.012743661334814554431, , 
0.034498413249293147231, 0.012743661334814554431, , 
0.034498413249293147231, 0.012743661334814554431, , 
0.034498413249293147231, 0.012743661334814554431, , 
0.034498413249293147231, 0.012743661334814554431, , 
0.034498413249293147231, 0.012743661334814554431, , 
0.034498413249293147231, 0.012743661334814554431, , 
0.034498413249293147231, 0.012743661334814554431, , 
0.034498413249293147231, 0.012743661334814554431, , 
0.034498413249293147231, 0.012743661334814554431, , 
0.034498413249293147231, 0.012743661334814554431, , 
0.034498413249293147231, 0.012743661334814554431, , 
0.034498413249293147231, 0.012743661334814554431, , 
0.034498413249293147231, 0.012743661334814554431, , 
0.034498413249293147231, 0.012743661334814554431, , 
0.034498413249293147231, 0.012743661334814554431, , 
0.034498413249293147231, 0.012743661334814554431, , 
0.034498413249293147231, 0.012743661334814554431, , 
0.034498413249293147231, 0.012743661334814554431, , 
0.034498413249293147231, 0.012743661334814554431, , 
0.034498413249293147231, 0.012743661334814554431, , 
0.01407407818037720304, 0.0040149917188214701014, , 
0.13889477513486059301, 0.0041409042066224699408, , 
0.19337627560438175323, 0.0026480129882280600828, , 
0.40551065209082426399, 0.00036082914453305914293, , 
0.50596522923886966261, -0.0088702289152360336288, , 
0.55169802308809112734, 0.00034269480477222558079, , 
0.63076246210143294135, -0.065229285121025437633, , 
0.74114872668648401621, -0.055341141644353886164, , 
0.7875609903202156481, -0.030898501063099992336, , 
0.85094908664717672231, -0.12327929732511888616, , 
0.94650316271024981241, -0.052065304129635503472, , 
0.98529478598234265796, -0.1111610083837781815, , 
1.0261281908584911626, -0.012795131749063770599, , 
1.0779217571514132512, -0.053159198574595389886, , 
1.1363502141884409546, -0.076348824089632394418, , 
1.2315009017301923322, -0.097596393545966719785, , 
1.2505931788917530323, -0.024627325411144429523, , 
1.309030129022041633, -0.062022331256088580886, , 
1.3825380625422531988, -0.12208298159090880119, , 
1.4112750040910921889, -0.087315128404017894326, , 
1.4382904408635226456, -0.058242036238630223721, , 
1.4991171922034844943, -0.078205476272046325903, , 
1.5698762750537040844, -0.096225845490997663489, , 
1.6459798002861867339, -0.16251312247155258461, , 
1.6792152901353014638, -0.090185642453426417831, , 
1.6901281428226744286, -0.091680457209932786355, , 
1.71203900798246611, -0.094753073209679072875, , 
1.7279102962932393339, -0.099328495761474400183, , 
1.7587596285681050823, -0.098404650860820730429, , 
1.79468976858706597, -0.10954839042771657986, , 
1.8210118645482233912, -0.12226446387651357384, , 
1.822995597281885205, -0.11045214184540963487, , 
1.8153333940513287637, -0.055411197372702059027, , 
1.900169726161032413, -0.13069595233737940632, , 
1.884410837174429254, -0.068980248070488414669, , 
1.8897986674540170338, -0.065582260744060150159, , 
1.9333537826154114647, -0.13214022206155950911, , 
1.9284346611744942468, -0.12684504964783460679, , 
1.89910156440940181, -0.078268185343914886687, , 
1.9019139418227426486, -0.078755240120157665729, , 
1.8922847817471819543, -0.06770824938132502524, , 
1.9173050419148991441, -0.11149342719211086106, , 
1.8638540536689911509, -0.057002689841922915548, , 
1.8787168201594550698, -0.071059236415693227684, , 
1.9231197734470726335, -0.15189575973817870391, , 
1.9748108971109104015, -0.23385318238424135373, , 
1.9194207127091018616, -0.15324096510267004589, , 
1.9227971295487631398, -0.15459021371870740325, , 
1.9202911876566335359, -0.15323546344841165734, , 
1.9051031012496786321, -0.12545314991414802108, , 
1.8862803421396128201, -0.094929776928505127387, , 
1.8847555460757545731, -0.089075032170498946726, , 
1.9066584093138321254, -0.12756522566066497149, , 
1.8795981080642287786, -0.085159336007742503227, , 
1.8795981080642287786, -0.085159336007742503227, , 
1.8795981080642287786, -0.085159336007742503227, , 
1.8869215127877463356, -0.08497681197139606013, , 
1.9077714178999092276, -0.0022200555537716937238, , 
1.890749101654565445, 0.17722128527891434224, , 
1.9258642578668778711, 0.26633357745444741216, , 
1.9229689569146291017, 0.31372882133780860547, , 
1.9216868618910645239, 0.3349340211216775276, , 
1.9197795656302618639, 0.40459870074224180136, , 
1.9202842748597626077, 0.45053255368866618191, , 
1.9217000132202706197, 0.49352706359799336511, , 
1.920581810620073826, 0.51214601799576198182, , 
1.922091592058146281, 0.55427491761591640707, , 
1.9304587391092566939, 0.59889654259360225463, , 
1.9299843795765312393, 0.63941174317747440092, , 
1.9296029616484755564, 0.66268405675540953403, , 
1.9302201622832111383, 0.74864277005825741185, , 
1.9298523882947353769, 0.78146873729114341156, , 
1.9323112764333671976, 0.88529577354258526256, , 
1.9373829168082332686, 0.8908135706374106233, , 
1.9367500059092797038, 0.92241164853968760085, , 
1.9262358310624536628, 0.95708914828154389998, , 
1.9337429071334599762, 0.99239857136020848127, , 
1.9362885537362035659, 1.0033595886745079184, , 
1.9368022788280299107, 1.0483199344881108939, , 
1.9405522761285798339, 1.0857361668145202316, , 
1.9331978686246376054, 1.1375562582122098476, , 
1.9450900313762975458, 1.1496552978413365764, , 
1.9406506225233424168, 1.1720964975673373587, , 
1.942468700679406135, 1.2083674889773536876, , 
1.9370556588151530697, 1.2182250950195050443, , 
1.9451248264380160968, 1.2017337538372456773, , 
1.9451248264380160968, 1.2017337538372456773, , 
1.9435608584088037709, 1.2077193448005731913, , 
1.9444436770738426912, 1.2039444649668240572, , 
1.9470573721934079092, 1.2007297468376558758, , 
1.9460880084126750411, 1.2059594827744495316, , 
1.944564796979490362, 1.2108123887777628713, , 
1.9451316346467772966, 1.2210784033711439278, , 
1.9337259746426762597, 1.2448180188435398197, , 
1.9388331090139654389, 1.2332906194129438227, , 
1.9293534475523137495, 1.263352142887456564, , 
1.9486033303093477365, 1.217380834503605902, , 
1.9543841721730941252, 1.2109429003080025566, , 
1.9592097351763904101, 1.2035299773629299924, , 
1.9580103641930433067, 1.2096883511678628853, , 
1.9539337293031757703, 1.2194312366840494022, , 
1.9601282505116017774, 1.2067110425167100196, , 
1.9597059551401905253, 1.2081825908449808082, , 
1.9590082760304556864, 1.2195908161447761575, , 
1.9578861488656187362, 1.2191658226105641649, , 
1.9695895597361881002, 1.1917581209273220288, , 
1.9703772561004893049, 1.1871030932054265072, , 
1.9703772561004893049, 1.1871030932054265072, , 
1.9703772561004893049, 1.1871030932054265072, , 
1.9703772561004893049, 1.1871030932054265072, , 
1.9703772561004893049, 1.1871030932054265072, , 
1.958683335927385416, 1.2079399518724560636, , 
1.9351309662635327591, 1.2169548867212118815, , 
1.9027208081219075808, 1.2146322300832828045, , 
1.8120298639064533752, 1.2107094663031729986, , 
1.7658894219315561802, 1.2088536661704671893, , 
1.7458100260871023401, 1.1970310924220619597, , 
1.7013984032826350301, 1.2002508438157026838, , 
1.6567394987268617701, 1.2012010849107639388, , 
1.5712100020545729517, 1.1852917440860792908, , 
1.5661258078988162801, 1.1732649156101244703, , 
1.5198764380678055907, 1.1807848280166666211, , 
1.4602825126281888668, 1.1934580627673623265, , 
1.4250601674396701224, 1.1884897490883845617, , 
1.3665712498207436276, 1.2038133001238278119, , 
1.341055307185574641, 1.1853373986875554991, , 
1.2889206909132850942, 1.197200624319487261, , 
1.2401997357510607944, 1.1999655217433198295, , 
1.2179135763659698632, 1.2049528503071695873, , 
1.135139147932855197, 1.1999199574154413295, , 
1.112327303807068235, 1.2059750032553386845, , 
1.0634043273888533765, 1.2152552119241106787, , 
1.0421221593834228969, 1.2059681319742592276, , 
1.022134908374187523, 1.2073092268494027834, , 
0.92320116587629197369, 1.2217371666505147942, , 
0.86321741791742911953, 1.2284967510834516879, , 
0.84105544708029356116, 1.2294466652615736457, , 
0.80248667146961116803, 1.2113703423503145995, , 
0.70684164365908119798, 1.2194064197852803044, , 
0.68470859274283335516, 1.219849535915154437, , 
0.64316805964253931371, 1.2203619809982289013, , 
0.59635430693135504931, 1.2112931288671602292, , 
0.50563481769450024927, 1.2356373886076907898, , 
0.45470909585221153115, 1.235732550902941318, , 
0.41554725880185205966, 1.2263414742585754258, , 
0.3674919123477727867, 1.2318512728832697878, , 
0.33631818341929686778, 1.2320763593834949123, , 
0.30474316378511090431, 1.2397176868590347176, , 
0.27866961518674893128, 1.2316754407737147137, , 
0.25633849774726580328, 1.2315918108141057363, , 
0.24576891409344525652, 1.2393975936662617876, , 
0.224973771949605994, 1.2496663741086528887, , 
0.20294697542743961316, 1.2494418857414448798, , 
0.1889890467277229591, 1.2312279068374163415, , 
0.16616010670151393214, 1.2403874425556136174, , 
0.12312605225500200534, 1.2492972226465601793, , 
0.068436445708983661973, 1.251403079975289323, , 
0.05337875764581651028, 1.2511298895665827757, , 
0.10253195572972995109, 1.2794272626185596575, , 
0.090801841166957109053, 1.2637237288136902169, , 
0.096456493185538283441, 1.2673477929643823803, , 
0.080712782847874198211, 1.2516650452801110216, , 
0.082527970012280738032, 1.2508201170418051795, , 
0.059449107264607670142, 1.2402490727438388873, , 
0.067262920980666940363, 1.2511381805694596903, , 
0.1004687482365349549, 1.2654188168386442115, , 
0.1043114608903688012, 1.2710239617704190973, , 
0.10959550469527945538, 1.2751027568791148958, , 
0.10255937157120897929, 1.2697453684413104735, , 
0.059039242812874148658, 1.2296823476622011917, , 
0.062661567540637175266, 1.2389198712407027969, , 
0.064154912966889965364, 1.2402542773036728807, , 
0.068767216264140118565, 1.2559055425888598911, , 
0.075206811721217403655, 1.2727602242408695421, , 
0.06914950389606644432, 1.2555059078219656943, , 
0.071517096703163418603, 1.2663809945462769502, , 
0.06870803887628657014, 1.26316005306862289, , 
0.073278797196592304619, 1.2704761236187711582, , 
0.07432296933649334969, 1.2723380501728889236, , 
0.066968801048597703662, 1.2599441428529276621, , 
0.061732119508660032725, 1.2498381872007187088, , 
0.064243853846954246389, 1.2613479088634367287, , 
0.062082171420467680001, 1.2573046387824162728, , 
0.064337081694841702362, 1.2614695761915344363, , 
0.065164460627268216975, 1.2633377881039158375, , 
0.065164460627268216975, 1.2633377881039158375, , 
0.064504344285284787031, 1.2655510536405207844, , 
0.064504344285284787031, 1.2655510536405207844, , 
0.064504344285284787031, 1.2655510536405207844, , 
0.064504344285284787031, 1.2655510536405207844, , 
0.061679009536762807731, 1.2585831396069537824, , 
0.093310428767620079427, 1.2590929237975660993, , 
0.078195232391227387225, 1.1192216455185246549, , 
0.083785569250134583896, 1.0864199282999902341, , 
0.089465813433760477125, 1.0025334965370309437, , 
0.08272264189077760399, 0.97835690744973535793, , 
0.086758250710431195074, 0.94283020080074098068, , 
0.091716920416737623967, 0.89402220401819576523, , 
0.063478250544573233682, 0.83819657660831636825, , 
0.067214897080967839216, 0.81723256264613075572, , 
0.090097441027982894113, 0.78866629409275557094, , 
0.073191298688128902938, 0.71728416072684253457, , 
0.084343036562771311893, 0.6862286406231867808, , 
0.088629880902423296973, 0.66822917352625865739, , 
0.03601673734614285749, 0.58933625861207761254, , 
0.058270924629208797896, 0.5420312718272151109, , 
0.065271760188303273864, 0.52701823174964346208, , 
0.042347207836055611452, 0.44947427092177910657, , 
0.068114882593022008095, 0.41835771624751644238, , 
0.074160516538578802326, 0.37564120443867848875, , 
0.034031475026560897845, 0.3237018421832253412, , 
0.056357545041627599147, 0.31577872711886917356, , 
0.049420555143462774339, 0.28625806875381787364, , 
0.066464592663819654916, 0.25167478341591936752, , 
0.055700880344198733241, 0.23578657151995557895, , 
0.043570751780859673374, 0.21052914312069243019, , 
0.036219091552636584197, 0.15289172478430806956, , 
0.040556949225278193794, 0.13371059240065508167, , 
0.024442868564336972526, 0.1117076073179325002, , 
0.049292392148366115379, 0.10745455978170953548, , 
0.027161662521664187153, 0.071783061207807141724, , 
0.023802490632364614598, 0.048873444858957920678, , 
0.03996216090993343073, 0.038011306056056098912, , 
0.010743483359501482255, 0.011417016656140421826, , 
0.016242462003085877953, 0.015181744645446859643, , 
0.0092753878114415488909, 0.023125831256714302064, , 
0.030975669518193971186, 0.027520479110241163889, , 
0.0012686103158425776627, 0.024725479893673657505, , 
0.027593362474309879318, 0.027725130097615902081, , 
0.021980729440030044586, 0.030717150934482656544, , 
0.036740041250826749319, 0.033035181171283289903, , 
0.021615958777639221466, 0.032596070910788088604, , 
0.028273304175945535022, 0.033042476861694397572, , 
0.001765957578631516256, 0.030706391082305439788, , 
0.015156963211307106221, 0.036528807496559095869, , 
0.007789609830308075189, 0.033965973392008047549, , 
0.007012956525208835501, 0.036066097598461216434, , 
0.0035625821433034055019, 0.035213391945767946734, , 
0.012519503815411558989, 0.035545291749384561042, , 
-0.00025863679859106092351, 0.03365549858251884463, , 
0.030176306485964587978, 0.036293075205983293952, , 
0.025485707596150097842, 0.037605084923411608022, , 
0.0053137637664324444131, 0.031311297624870781942, , 
0.019453914387619120063, 0.033734600840180622994, , 
0.021354889955940370427, 0.032566222438318165322, , 
0.0011072210104827728827, 0.029215392136207884999, , 
0.0024550365600095602758, 0.029519714924941209411, , 
-0.014609012128461440483, 0.027094996170655305523, , 
-0.014648980412474310597, 0.026289009879139818571, , 
-0.02646804979502337396, 0.025343144582918197827, , 
-0.0046242571585204395035, 0.027656911537821349256, , 
-0.02646804979502337396, 0.025343144582918197827, , 
-0.02646804979502337396, 0.025343144582918197827, , 
-0.02646804979502337396, 0.025343144582918197827, , 
-0.02646804979502337396, 0.025343144582918197827, , 
-0.02646804979502337396, 0.025343144582918197827, , 
-0.02646804979502337396, 0.025343144582918197827, , 
-0.02646804979502337396, 0.025343144582918197827, , 
-0.0046242571585204395035, 0.027656911537821349256, , 
-0.0046242571585204395035, 0.027656911537821349256, , 
-0.0046242571585204395035, 0.027656911537821349256, , 
0.0076513507371893663134, 0.028652525607523959827, , 
-0.014648980412474310597, 0.026289009879139818571, , 
-0.0046242571585204395035, 0.027656911537821349256, , 
-0.02646804979502337396, 0.025343144582918197827, , 
0.0076513507371893663134, 0.028652525607523959827, , 
-0.02646804979502337396, 0.025343144582918197827, , 
-0.02646804979502337396, 0.025343144582918197827, , 
0.0076513507371893663134, 0.028652525607523959827, , 
0.0076513507371893663134, 0.028652525607523959827, , 
-0.0072314160997601906189, 0.027365645875814775811, , 
0.01680665336963449441, 0.028694721021279068207, , 
0.036509833824492465837, 0.028776633530805506567, , 
0.048629106443581981978, 0.02310639228670124945, , 
0.1138215630759016328, 0.029762137384424180997, , 
0.17247548194178285996, 0.025828852460367618393, , 
0.21968746118703474934, 0.02783322323559811462, , 
0.20106391617343066791, 0.022813992404009636461, , 
0.27462750053443518716, 0.02508094566037294415, , 
0.38677941776226743009, 0.023984776072314001327, , 
0.41791122225346999386, 0.022275584241665646879, , 
0.52685348703341339238, -0.029078120428456255553, , 
0.55752065190767163827, 0.012021570600284636754, , 
0.59637211879183549268, 0.011922904526549427118, , 
0.62313654274248597709, -0.026261159281367962848, , 
0.67680452636279198053, -0.053758658126937586275, , 
0.71887971149051521635, -0.050983612207377682068, , 
0.80840302368432648272, -0.019003863672374166072, , 
0.86370305550697989982, 0.025803933059461492405, , 
0.88305426519494756299, 0.025171777001398609741, , 
0.94937389417870621244, 0.027546252405962423637, , 
1.0366119393021548944, -0.032770710365605193459, , 
1.1455767775933349828, -0.02999954368885582312, , 
1.2497203880105265394, -0.069655014040296503453, , 
1.317544959753546685, -0.060782739567855958995, , 
1.3942039578239551201, -0.020914322841933508101, , 
1.4354561774902232507, -0.024929505424541087422, , 
1.5877540726598611265, -0.13616966295158849931, , 
1.6001316955849844703, -0.026583165614455062098, , 
1.6706688812668379907, -0.081454559586062291743, , 
1.6943200191019702761, -0.080001517468161864599, , 
1.7141098187573247102, -0.077352817390448969093, , 
1.7033633432171377819, -0.018589682498412862799, , 
1.7460010999627468831, -0.024488258278485552921, , 
1.7711823280229765931, -0.049972101887483244553, , 
1.859495322792427574, -0.10132732450371229049, , 
1.8814693640192439172, -0.11189704982811665701, , 
1.9039652290363007214, -0.080533884506015063209, , 
1.8755724397178243912, -0.052316258250091784987, , 
1.8755724397178243912, -0.052316258250091784987, , 
1.9008576668666625764, -0.082807243717135659011, , 
1.8792279904992852391, -0.054250783809714597794, , 
1.918978214177300412, -0.11344859279165353527, , 
1.8809531764728415482, -0.061375223339147133572, , 
1.8797793529689257319, -0.076496033642989846868, , 
1.871248264032707942, -0.062119300923547449145, , 
1.8575427204138077464, -0.04777983449288436546, , 
1.8537930603437025034, -0.048197091135163017128, , 
1.8923510543782655624, -0.10353689793569076372, , 
1.8948563748806435125, -0.11795785995279040037, , 
1.8903939198674799549, -0.11045577307436627024, , 
1.9064419182512499784, -0.13353769945640125982, , 
1.8715111844445133649, -0.077112916862364766502, , 
1.8903108824609602401, -0.10509843231426962973, , 
1.8644939525629431465, -0.064682381931937982245, , 
1.8779362175911653576, -0.086096848107024115393, , 
1.8954865418661619447, -0.11044526718138891752, , 
1.8868721567546173912, -0.099344784581174572224, , 
1.8868721567546173912, -0.099344784581174572224, , 
1.8699742762399245155, -0.072978523195641020749, , 
1.8699742762399245155, -0.072978523195641020749, , 
1.8699742762399245155, -0.072978523195641020749, , 
1.8699742762399245155, -0.072978523195641020749, , 
1.8351304042331224586, -0.0035591882845702471627, , 
1.9022944677264499447, -0.051088115330072181308, , 
1.8643342331480790008, 0.027096989196041754155, , 
1.8755102462278756548, 0.054281429075324627576, , 
1.8581500301818660859, 0.12324869473244892681, , 
1.8318635126272542202, 0.19897176750386158517, , 
1.8697575092664022733, 0.19797419887590317344, , 
1.8731967400643434463, 0.24224743502671675088, , 
1.8808941545147086494, 0.25039995223770650234, , 
1.8949137537360059014, 0.34787387840595118682, , 
1.9038510196814075748, 0.39444710360683632455, , 
1.903523511544457314, 0.43680025090802249155, , 
1.9085854494969463069, 0.4763333395567175832, , 
1.903044617217328538, 0.55260383085013864424, , 
1.903021327913297478, 0.57367812349007163419, , 
1.9219775123191205068, 0.61494666056693336742, , 
1.9180137372504999504, 0.69054700443869154736, , 
1.9050082736372022651, 0.76607450331631044005, , 
1.8994532337398279953, 0.8172946175410036318, , 
1.913714525518067644, 0.88183772297262874584, , 
1.9130169819416327215, 0.95381535766776248675, , 
1.9131842134737215844, 0.96853006331267532669, , 
1.9134683298526153905, 0.99502110260675424858, , 
1.9122730663782108174, 1.0721233099866283034, , 
1.9158960273776002303, 1.1048761414985246443, , 
1.9071739001114735856, 1.1259084163035133486, , 
1.9152579991400722204, 1.1752197137369975177, , 
1.9157661100692751077, 1.2021310874717963113, , 
1.9162144448269571306, 1.2274941574487649998, , 
1.9230796816352244694, 1.2244334041341649044, , 
1.9158794234912617238, 1.2219314653163648732, , 
1.922257317262581644, 1.2146411073056335717, , 
1.9184000390215187881, 1.2235455448560728087, , 
1.9284146917423470313, 1.2007570192163008471, , 
1.9224682917616178202, 1.2151973575763643787, , 
1.9152019282541867806, 1.2354148230479380377, , 
1.9097042348718480387, 1.2529518992482038264, , 
1.9112460899511003465, 1.2512639248678025794, , 
1.9149224272684390868, 1.2496179965813800639, , 
1.9128726980619075171, 1.2505242980529875929, , 
1.9299693375135931195, 1.2196333049613106159, , 
1.9371724294011298806, 1.208633946413200988, , 
1.9276936993455739966, 1.2336644247782728723, , 
1.9342211549898760126, 1.2163002589744988935, , 
1.9320823976791092758, 1.2290910612457470741, , 
1.9401324114559239664, 1.2174391561814117413, , 
1.9331186458365192671, 1.2328854743683099748, , 
1.9436256789508385978, 1.2144223084908674082, , 
1.9350977643498854519, 1.2337511727755707813, , 
1.9350977643498854519, 1.2337511727755707813, , 
1.9350977643498854519, 1.2337511727755707813, , 
1.9334804463555821386, 1.2354576403225123737, , 
1.9371590202340507325, 1.2061877166496173253, , 
1.8987674552316065046, 1.2065560000776089922, , 
1.7910502981254228239, 1.2247354984183125293, , 
1.7546350658392395605, 1.2189200664261050644, , 
1.6905284621520006993, 1.2118938097411553478, , 
1.6471796131413858344, 1.2196610951919202304, , 
1.6269096993835541198, 1.2212146271749388937, , 
1.5469385394550974056, 1.2005285698363912239, , 
1.4822011819036051694, 1.1996205615909474318, , 
1.4682037937339025291, 1.2006572957311765215, , 
1.4116427073002313364, 1.2102413005108241251, , 
1.3829186843285921071, 1.2030394361106129253, , 
1.3423340490933604041, 1.2136136088662186072, , 
1.2858629460617572171, 1.2142162102523770262, , 
1.2666465765580170455, 1.211416133464188194, , 
1.2137476291243209925, 1.2197696993155047185, , 
1.203209818244077578, 1.2094815705970614061, , 
1.1564472977076281079, 1.2180604822982485924, , 
1.1005668358108378069, 1.2305150174676289243, , 
1.0644161566591816559, 1.224034095104507891, , 
1.0306007752048658155, 1.2423576232025679289, , 
0.99891006763565237669, 1.2317531970907933392, , 
0.95087219871549089056, 1.2343592680334829481, , 
0.91235538640761504325, 1.2310638797870276928, , 
0.88896186017976686067, 1.241486804991984938, , 
0.86693570234306283062, 1.2338891239237168573, , 
0.8243288778532231742, 1.2334683453720685087, , 
0.80412934782150813362, 1.2359687513979513707, , 
0.75531542410235830154, 1.2304352824555073731, , 
0.71028111025924278721, 1.2315190130004274316, , 
0.66512996972963867037, 1.2399102990392918411, , 
0.59747021432023239562, 1.2337902858586924371, , 
0.57471758325518784716, 1.2488635700258443606, , 
0.50266859243637873611, 1.2425022112424803922, , 
0.48029886249756414962, 1.2413691653972929174, , 
0.46174493805227478926, 1.242983097121726388, , 
0.41435265883308425305, 1.241334226040341715, , 
0.39230229589160325876, 1.2412878539460827643, , 
0.36283861900428499014, 1.2411958960466633606, , 
0.34807717199797244545, 1.2411361744273561314, , 
0.31645707010062168463, 1.247371149260537937, , 
0.30462252297845859861, 1.2422295626695551984, , 
0.29280195475728643117, 1.2438143143873512386, , 
0.2674710874280927797, 1.2419755977398605484, , 
0.26238718051226911365, 1.2609528837295638226, , 
0.24843169943967988167, 1.2432151960200208407, , 
0.23077834295731855518, 1.2588712357261746533, , 
0.21532532390594391614, 1.2513986538107211288, , 
0.18839652115707861135, 1.2411062976869295937, , 
0.17420135542319514776, 1.2606955494792000394, , 
0.14798014565717193536, 1.2599073782611620587, , 
0.13427263484364226898, 1.2517438108412288766, , 
0.11742056891426677634, 1.2602655762078294188, , 
0.086124420175551830159, 1.2432466772288801593, , 
0.073528297566496703119, 1.2614825764828572208, , 
0.075673852939769192805, 1.2641454013573545367, , 
0.080085060760376303168, 1.2613747591574593354, , 
0.081035631275115871386, 1.2615908273191069888, , 
0.080085060760376303168, 1.2613747591574593354, , 
0.080149711325760597536, 1.2602102954651042133, , 
0.084408395124281609956, 1.2632673120559136937, , 
0.089744421852252176386, 1.2643180566141731802, , 
0.082931784396241325918, 1.243879757001723485, , 
0.084782068742431271335, 1.2472809583305612957, , 
0.086409889331526212874, 1.2527155253914494804, , 
0.094415139472685205568, 1.2622890967872502088, , 
0.093225319775166182179, 1.2656200895490061775, , 
0.088752142187289329023, 1.2516036376493779869, , 
0.095672819435384637288, 1.2731292571032648553, , 
0.084370506473191442254, 1.2398898222182008766, , 
0.098208208388118278798, 1.2794810134817631297, , 
0.090094712801071619168, 1.260268104091475827, , 
0.091012345462189003786, 1.2650679327484546377, , 
0.085988522307103909537, 1.2565344258205652928, , 
0.094047077356548991478, 1.2800687926566531871, , 
0.092569861290904886797, 1.2742277470737559675, , 
0.094881986446512467381, 1.2814117553669637228, , 
0.09563138895749595525, 1.2893078496300245384, , 
0.088750864661563400038, 1.2759577919278874969, , 
0.089893853133977963399, 1.2774959212533292252, , 
0.090211284971111360687, 1.2795248199884554641, , 
0.090211284971111360687, 1.2795248199884554641, , 
0.088786439943653205908, 1.2590405573702725395, , 
0.087917908586999882203, 1.2505027945539413103, , 
0.10992409546658366004, 1.1406432763711185085, , 
0.10877731241653232352, 1.058222897322799172, , 
0.13556900005221228511, 1.058706157708674267, , 
0.10691735019639692084, 0.95020185236658094574, , 
0.10710350212434982531, 0.88383810608161805789, , 
0.10155231322333224675, 0.83905861289203387265, , 
0.095568937197768155656, 0.76976197560286352406, , 
0.094850941674773592283, 0.68848415471144908118, , 
0.095806699498007352744, 0.62948583614351827364, , 
0.098783310980137040147, 0.58203535589916288728, , 
0.091610255610489632616, 0.51672584937198196009, , 
0.10622358747542759438, 0.49834694384828676084, , 
0.098998094840511141612, 0.4537076357938212845, , 
0.10858010772124493393, 0.39372678020546020283, , 
0.098762350436680579335, 0.34818487635921929746, , 
0.079717299731425272924, 0.32151782858372507379, , 
0.081574031094575838452, 0.29507594572151985002, , 
0.10110896053332818489, 0.25598338335100828678, , 
0.10246482623693298208, 0.24374223245943127392, , 
0.059091487216780924641, 0.20065508107486568212, , 
0.09225651177413718429, 0.19059285323031593951, , 
0.084373561143111119875, 0.13402229666269610542, , 
0.068897610131198661065, 0.12133119887267557191, , 
0.055782567894300916223, 0.097592959806719614679, , 
0.059001063464608094478, 0.066126193988039039251, , 
0.041476462842895633898, 0.051848007720837224754, , 
0.054379057407794029189, 0.029202819551913894447, , 
0.060637098565593072763, 0.030375144245089663597, , 
0.069544695906759157467, 0.031944296080597872622, , 
0.064029891363252877667, 0.034431062937782891398, , 
0.075616249182210326651, 0.036435615078516503385, , 
0.064763277146447029153, 0.034559094145856728009, , 
0.054748331146403428349, 0.034166577206512116494, , 
0.061519146359924503642, 0.03475646189099684813, , 
0.07005789732667300207, 0.035316534982003905396, , 
0.091006178365245604667, 0.041916345395327903045, , 
0.043889054550967365742, 0.03523358980247412453, , 
0.060568395810544517488, 0.035807551409118648644, , 
0.06964494395360820711, 0.035029841402274775053, , 
0.059296648540662522109, 0.035636432367426335022, , 
0.081684226820589511675, 0.038495971747414176045, , 
0.046711619717829888643, 0.031239460548814323992, , 
0.064251976799866161727, 0.035731757366024241573, , 
0.056650244379137904005, 0.033351740136270485726, , 
0.05285521022284744852, 0.033338102098760646896, , 
0.045388523039907147094, 0.031311368555478474862, , 
0.043379439143254927558, 0.030160404900033133124, , 
0.053438387088192040864, 0.031585768792393775772, , 
0.053438387088192040864, 0.031585768792393775772, , 
0.046430850010916069337, 0.030391986413139421286, , 
0.035566557104012685997, 0.027971470235124112902, , 
0.064757068095840919497, 0.034090211928184510626, , 
0.064757068095840919497, 0.034090211928184510626, , 
0.064757068095840919497, 0.034090211928184510626, , 
0.053438387088192040864, 0.031585768792393775772, , 
0.046430850010916069337, 0.030391986413139421286, , 
0.046430850010916069337, 0.030391986413139421286, , 
0.046430850010916069337, 0.030391986413139421286, , 
0.064757068095840919497, 0.034090211928184510626, , 
0.046430850010916069337, 0.030391986413139421286, , 
0.064757068095840919497, 0.034090211928184510626, , 
0.064757068095840919497, 0.034090211928184510626, , 
0.064757068095840919497, 0.034090211928184510626, , 
0.046430850010916069337, 0.030391986413139421286, , 
0.064757068095840919497, 0.034090211928184510626, , 
0.064757068095840919497, 0.034090211928184510626, , 
0.064757068095840919497, 0.034090211928184510626, , 
0.064757068095840919497, 0.034090211928184510626, , 
0.064757068095840919497, 0.034090211928184510626, , 
0.046430850010916069337, 0.030391986413139421286, , 
0.046430850010916069337, 0.030391986413139421286, , 
0.064757068095840919497, 0.034090211928184510626, , 
0.046430850010916069337, 0.030391986413139421286, , 
0.064757068095840919497, 0.034090211928184510626, , 
0.064757068095840919497, 0.034090211928184510626, , 
0.064757068095840919497, 0.034090211928184510626, , 
0.046430850010916069337, 0.030391986413139421286, , 
0.064757068095840919497, 0.034090211928184510626, , 
0.046430850010916069337, 0.030391986413139421286, , 
0.064757068095840919497, 0.034090211928184510626, , 
0.046430850010916069337, 0.030391986413139421286, , 
0.064757068095840919497, 0.034090211928184510626, , 
0.046430850010916069337, 0.030391986413139421286, , 
0.064757068095840919497, 0.034090211928184510626, , 
0.064757068095840919497, 0.034090211928184510626, , 
0.064757068095840919497, 0.034090211928184510626, , 
0.051610562331207310294, 0.033002970685652360805, , 
0.064757068095840919497, 0.034090211928184510626, , 
0.034076661523429807588, 0.029421892824232742658, , 
0.064757068095840919497, 0.034090211928184510626, , 
0.046430850010916069337, 0.030391986413139421286, , 
0.064757068095840919497, 0.034090211928184510626, , 
0.064757068095840919497, 0.034090211928184510626, , 
0.046430850010916069337, 0.030391986413139421286, , 
0.064757068095840919497, 0.034090211928184510626, , 
0.064757068095840919497, 0.034090211928184510626, , 
0.064757068095840919497, 0.034090211928184510626, , 
0.064757068095840919497, 0.034090211928184510626, , 
0.064757068095840919497, 0.034090211928184510626, , 
0.046430850010916069337, 0.030391986413139421286, , 
0.064757068095840919497, 0.034090211928184510626, , 
0.064757068095840919497, 0.034090211928184510626, , 
0.046430850010916069337, 0.030391986413139421286, , 
0.064757068095840919497, 0.034090211928184510626, , 
0.064757068095840919497, 0.034090211928184510626, , 
0.046430850010916069337, 0.030391986413139421286, , 
0.064757068095840919497, 0.034090211928184510626, , 
0.046430850010916069337, 0.030391986413139421286, , 
0.064757068095840919497, 0.034090211928184510626, , 
0.064757068095840919497, 0.034090211928184510626, , 
0.064757068095840919497, 0.034090211928184510626, , 
0.064757068095840919497, 0.034090211928184510626, , 
0.064757068095840919497, 0.034090211928184510626, , 
0.046430850010916069337, 0.030391986413139421286, , 
0.064757068095840919497, 0.034090211928184510626, , 
0.064757068095840919497, 0.034090211928184510626, , 
0.064757068095840919497, 0.034090211928184510626, , 
0.064757068095840919497, 0.034090211928184510626, , 
0.046430850010916069337, 0.030391986413139421286, , 
0.064757068095840919497, 0.034090211928184510626, , 
