# /target_pose/position/x, /target_pose/position/y, /robot_pose/position/x, /robot_pose/position/y
0.0078193920311495634934, 0.00300589897475156409, , 
0.0078193920311495634934, 0.00300589897475156409, , 
0.0078193920311495634934, 0.00300589897475156409, , 
0.0078193920311495634934, 0.00300589897475156409, , 
0.0078193920311495634934, 0.00300589897475156409, , 
0.0078193920311495634934, 0.00300589897475156409, , 
0.0078193920311495634934, 0.00300589897475156409, , 
0.0078193920311495634934, 0.00300589897475156409, , 
0.0078193920311495634934, 0.00300589897475156409, , 
0.0078193920311495634934, 0.00300589897475156409, , 
0.0078193920311495634934, 0.00300589897475156409, , 
0.0078193920311495634934, 0.00300589897475156409, , 
0.0078193920311495634934, 0.00300589897475156409, , 
0.0078193920311495634934, 0.00300589897475156409, , 
0.0078193920311495634934, 0.00300589897475156409, , 
0.0078193920311495634934, 0.00300589897475156409, , 
0.0078193920311495634934, 0.00300589897475156409, , 
0.0078193920311495634934, 0.00300589897475156409, , 
0.0078193920311495634934, 0.00300589897475156409, , 
0.0078193920311495634934, 0.00300589897475156409, , 
0.012660036647744066229, 0.00095135583722077976532, , 
0.012660036647744066229, 0.00095135583722077976532, , 
0.015290777987019499307, 0.0017554945906157470858, , 
0.015290777987019499307, 0.0017554945906157470858, , 
0.074956782313967185161, 0.0022136361699554019111, , 
0.074956782313967185161, 0.0022136361699554019111, , 
0.086144101472990008972, 0.0027406992767228799401, , 
0.086144101472990008972, 0.0027406992767228799401, , 
0.1494236260583221565, -0.003572701080273077423, , 
0.1494236260583221565, -0.003572701080273077423, , 
0.15609560050541038123, -0.0078668401443548474639, , 
0.15609560050541038123, -0.0078668401443548474639, , 
0.20381883008868384444, -0.0091207138723886360676, , 
0.20381883008868384444, -0.0091207138723886360676, , 
0.23120548723656408896, -0.0070434344993045849836, , 
0.23120548723656408896, -0.0070434344993045849836, , 
0.28168857908970723614, -0.0031409596927142735545, , 
0.28168857908970723614, -0.0031409596927142735545, , 
0.30704485677116899467, -0.0072689653657599384573, , 
0.30704485677116899467, -0.0072689653657599384573, , 
0.35618358653026960248, -0.00028282181013422613702, , 
0.35618358653026960248, -0.00028282181013422613702, , 
0.38034094650887562139, -0.0029130467001499682489, , 
0.38034094650887562139, -0.0029130467001499682489, , 
0.43066843860268622102, -0.0050656200387912408978, , 
0.43066843860268622102, -0.0050656200387912408978, , 
0.47829188530608890417, 0.00063753608511490922339, , 
0.47829188530608890417, 0.00063753608511490922339, , 
0.54414351969228880179, 0.0033010584192188496822, , 
0.54414351969228880179, 0.0033010584192188496822, , 
0.56170175855262782783, 0.0016260926625591975991, , 
0.56170175855262782783, 0.0016260926625591975991, , 
0.5644295725248633655, 0.00073883965944915308555, , 
0.5644295725248633655, 0.00073883965944915308555, , 
0.5798994480718546729, -0.0026606256008992468232, , 
0.5798994480718546729, -0.0026606256008992468232, , 
0.6220437115899488667, 0.00078086491198442464778, , 
0.6220437115899488667, 0.00078086491198442464778, , 
0.74227834584389618122, 0.043563323310448875958, , 
0.74227834584389618122, 0.043563323310448875958, , 
0.81308700670162781243, 0.015222226990268428182, , 
0.81308700670162781243, 0.015222226990268428182, , 
0.8508134702096834534, 0.076969422963609979149, , 
0.8508134702096834534, 0.076969422963609979149, , 
0.90214230288598207252, 0.046949176891124988487, , 
0.90214230288598207252, 0.046949176891124988487, , 
0.94882745881809305022, 0.054015869816780082147, , 
0.94882745881809305022, 0.054015869816780082147, , 
0.99186931957177393304, 0.050672752174711011008, , 
0.99186931957177393304, 0.050672752174711011008, , 
1.0269783459256056624, 0.087037137111330764583, , 
1.0269783459256056624, 0.087037137111330764583, , 
1.0472356456072449138, 0.097923818774323212466, , 
1.0472356456072449138, 0.097923818774323212466, , 
1.0876183888420325463, 0.093420343135511618726, , 
1.0876183888420325463, 0.093420343135511618726, , 
1.1626842060915840715, 0.073273870758520320834, , 
1.1626842060915840715, 0.073273870758520320834, , 
1.2008465867634972035, 0.078368409990989373881, , 
1.2008465867634972035, 0.078368409990989373881, , 
1.2775317587098826699, 0.041199283813747822336, , 
1.2775317587098826699, 0.041199283813747822336, , 
1.3076957165972618036, 0.029031839837329709297, , 
1.3076957165972618036, 0.029031839837329709297, , 
1.3822857883446966198, 0.067477412231509159568, , 
1.4579673168635087777, 0.046485067500302346133, , 
1.3822857883446966198, 0.067477412231509159568, , 
1.4579673168635087777, 0.046485067500302346133, , 
1.5503723272665004274, -0.02087298036419404923, , 
1.5503723272665004274, -0.02087298036419404923, , 
1.5606860867421263883, 0.059927862087727490348, , 
1.5606860867421263883, 0.059927862087727490348, , 
1.5829860027986413229, 0.057271894679662427308, , 
1.5829860027986413229, 0.057271894679662427308, , 
1.6716522570319165553, 0.048166338088887261648, , 
1.6716522570319165553, 0.048166338088887261648, , 
1.7009799029822711969, 0.032961557378520911499, , 
1.7009799029822711969, 0.032961557378520911499, , 
1.7136774965230621159, 0.033252485248258079054, , 
1.7136774965230621159, 0.033252485248258079054, , 
1.7625046950321341388, 0.016728076515914125366, , 
1.7625046950321341388, 0.016728076515914125366, , 
1.7736372392825656696, 0.036676794364301823492, , 
1.7845762404469156515, 0.035582965048870818237, , 
1.7736372392825656696, 0.036676794364301823492, , 
1.7845762404469156515, 0.035582965048870818237, , 
1.8115523530139183706, 0.090844399158381161641, , 
1.8115523530139183706, 0.090844399158381161641, , 
1.8135477513909366021, 0.10196169349483907851, , 
1.8135477513909366021, 0.10196169349483907851, , 
1.8573550073374649472, 0.062759796856668881304, , 
1.8573550073374649472, 0.062759796856668881304, , 
1.9003300829126010818, 0.034067752671848250401, , 
1.9003300829126010818, 0.034067752671848250401, , 
1.9463937449620554165, -0.0058168295387637236615, , 
1.9463937449620554165, -0.0058168295387637236615, , 
1.9578051615610672087, -0.0071821634300364145531, , 
1.9578051615610672087, -0.0071821634300364145531, , 
1.9349648408034685332, 0.069072722509728290419, , 
1.9349648408034685332, 0.069072722509728290419, , 
1.9503323238730283506, 0.078156187593104942124, , 
1.9503323238730283506, 0.078156187593104942124, , 
1.9480173787493209048, 0.077820773402418552678, , 
1.9480173787493209048, 0.077820773402418552678, , 
1.9340260509561937319, 0.085994733768089748338, , 
1.9340260509561937319, 0.085994733768089748338, , 
1.9530826096044877627, 0.060409522786264879812, , 
1.9530826096044877627, 0.060409522786264879812, , 
1.9424285436485166922, 0.069621046112680051721, , 
1.9424285436485166922, 0.069621046112680051721, , 
1.9588612393421789282, 0.019031801022260097511, , 
1.9588612393421789282, 0.019031801022260097511, , 
1.9450700195840970874, 0.027887398234074378678, , 
1.9450700195840970874, 0.027887398234074378678, , 
1.9628675507968202929, -0.0067724003627218642976, , 
1.9628675507968202929, -0.0067724003627218642976, , 
1.962626498082824078, 0.00026275718950508064609, , 
1.962626498082824078, 0.00026275718950508064609, , 
1.9534108476711624647, -0.0052768138692655952582, , 
1.9534108476711624647, -0.0052768138692655952582, , 
1.9517069198369532135, -0.0012069221873520774579, , 
1.9517069198369532135, -0.0012069221873520774579, , 
1.9654110661446642094, -0.018548861825892437594, , 
1.9654110661446642094, -0.018548861825892437594, , 
1.9730912406177441021, -0.032369395500930320253, , 
1.9730912406177441021, -0.032369395500930320253, , 
1.9651451672394049108, -0.019891121469581385384, , 
1.9651451672394049108, -0.019891121469581385384, , 
1.9615285798004666873, -0.016012494242614749851, , 
1.9615285798004666873, -0.016012494242614749851, , 
2.0494597121597672995, -0.14976620176003230256, , 
2.0494597121597672995, -0.14976620176003230256, , 
2.0265361157587653551, -0.079203614620329876317, , 
2.0265361157587653551, -0.079203614620329876317, , 
2.0188403685833171686, -0.059100841797393055543, , 
2.0188403685833171686, -0.059100841797393055543, , 
2.071183235371359288, -0.12664152757988444975, , 
2.071183235371359288, -0.12664152757988444975, , 
2.0819327329018753048, -0.11282333406983147128, , 
2.0819327329018753048, -0.11282333406983147128, , 
2.0558498509537148635, -0.063948847809052189461, , 
2.0558498509537148635, -0.063948847809052189461, , 
2.0805790027779540452, -0.08435089187410182987, , 
2.0805790027779540452, -0.08435089187410182987, , 
2.1054075295773069243, -0.11926512353897322782, , 
2.1054075295773069243, -0.11926512353897322782, , 
2.1206238887994635078, -0.14011301101613726772, , 
2.1206238887994635078, -0.14011301101613726772, , 
2.1213693632845460613, -0.13267833022849551128, , 
2.1213693632845460613, -0.13267833022849551128, , 
2.1213693632845460613, -0.13267833022849551128, , 
2.1213693632845460613, -0.13267833022849551128, , 
2.1213693632845460613, -0.13267833022849551128, , 
2.1213693632845460613, -0.13267833022849551128, , 
2.0956436307588957035, -0.082014948273093413178, , 
2.0956436307588957035, -0.082014948273093413178, , 
2.1080663646654294041, -0.068031054690070202895, , 
2.1080663646654294041, -0.068031054690070202895, , 
2.0785731858983940157, 0.022448269613176918824, , 
2.0785731858983940157, 0.022448269613176918824, , 
2.1051716139249956328, 0.022995174537023821415, , 
2.1051716139249956328, 0.022995174537023821415, , 
2.1077724482617332669, 0.059851992436907419659, , 
2.1077724482617332669, 0.059851992436907419659, , 
2.0797762170058078368, 0.14372698238941739035, , 
2.0797762170058078368, 0.14372698238941739035, , 
2.0904207537863310762, 0.1687252130736927036, , 
2.0904207537863310762, 0.1687252130736927036, , 
2.0745583992483211944, 0.23322766889613122387, , 
2.0745583992483211944, 0.23322766889613122387, , 
2.088495977147566407, 0.23572259767424630361, , 
2.088495977147566407, 0.23572259767424630361, , 
2.0816514776462931025, 0.3320039246215635842, , 
2.0816514776462931025, 0.3320039246215635842, , 
2.2009711112118317544, 0.28371717015852404575, , 
2.2009711112118317544, 0.28371717015852404575, , 
2.2174503079149885387, 0.30839790573405501117, , 
2.2174503079149885387, 0.30839790573405501117, , 
2.1975482634076848321, 0.35666592611304248628, , 
2.1975482634076848321, 0.35666592611304248628, , 
2.2118422809075948265, 0.40264208611844709562, , 
2.2118422809075948265, 0.40264208611844709562, , 
2.2102359374391253866, 0.44438879338137526886, , 
2.2102359374391253866, 0.44438879338137526886, , 
2.2111667054216872508, 0.46749918941642454318, , 
2.2111667054216872508, 0.46749918941642454318, , 
2.2191817667520417068, 0.50130567060062181106, , 
2.2191817667520417068, 0.50130567060062181106, , 
2.2335321330028925502, 0.53397949322417748164, , 
2.2335321330028925502, 0.53397949322417748164, , 
2.2239348524162343423, 0.56261704082480223921, , 
2.2239348524162343423, 0.56261704082480223921, , 
2.2153927834669220331, 0.62068286679187012478, , 
2.2153927834669220331, 0.62068286679187012478, , 
2.2008713779210689054, 0.64975304382587928398, , 
2.2008713779210689054, 0.64975304382587928398, , 
2.2120453676187952219, 0.6780782821325014309, , 
2.2120453676187952219, 0.6780782821325014309, , 
2.2094358544780092757, 0.72913774856196766905, , 
2.2094358544780092757, 0.72913774856196766905, , 
2.2089008896906676682, 0.74526561176140393439, , 
2.2089008896906676682, 0.74526561176140393439, , 
2.2102433980495170829, 0.76317094630330650773, , 
2.2102433980495170829, 0.76317094630330650773, , 
2.2075545078534801746, 0.80628773410335374816, , 
2.2075545078534801746, 0.80628773410335374816, , 
2.2078234042455964214, 0.82235904519736269247, , 
2.2078234042455964214, 0.82235904519736269247, , 
2.2071327420421611443, 0.83716459045681690387, , 
2.2071327420421611443, 0.83716459045681690387, , 
2.2047522805666859291, 0.86671774218258434974, , 
2.2047522805666859291, 0.86671774218258434974, , 
2.2035769968488323478, 0.88322961073012618005, , 
2.2035769968488323478, 0.88322961073012618005, , 
2.2131843172767986516, 0.89818470701986763416, , 
2.2131843172767986516, 0.89818470701986763416, , 
2.2134859824043555676, 0.9109994586164278374, , 
2.2134859824043555676, 0.9109994586164278374, , 
2.2071256268768753017, 0.94542802634783285054, , 
2.2071256268768753017, 0.94542802634783285054, , 
2.2134015130795550164, 0.96389687688341074701, , 
2.2134015130795550164, 0.96389687688341074701, , 
2.2135101994020218719, 0.98921029743871746742, , 
2.2135101994020218719, 0.98921029743871746742, , 
2.2147654896334421082, 1.0138298644880019417, , 
2.2147654896334421082, 1.0138298644880019417, , 
2.2195037389190233057, 1.0265417309416977609, , 
2.2195037389190233057, 1.0265417309416977609, , 
2.2151472938781209265, 1.075408307918830797, , 
2.2151472938781209265, 1.075408307918830797, , 
2.2129943902506923337, 1.0926976036011795124, , 
2.2129943902506923337, 1.0926976036011795124, , 
2.2273399649305982706, 1.0761142466661488548, , 
2.2273399649305982706, 1.0761142466661488548, , 
2.2349743068457983419, 1.0846033954015976697, , 
2.2349743068457983419, 1.0846033954015976697, , 
2.2590546024984301532, 1.0651614356994487665, , 
2.2590546024984301532, 1.0651614356994487665, , 
2.2545165516187521959, 1.0912645193192163084, , 
2.2545165516187521959, 1.0912645193192163084, , 
2.2701642873328520267, 1.0920555026719991343, , 
2.2701642873328520267, 1.0920555026719991343, , 
2.2842579811275891544, 1.1000363331641072051, , 
2.2842579811275891544, 1.1000363331641072051, , 
2.2971482647026881807, 1.1228259742892867656, , 
2.2971482647026881807, 1.1228259742892867656, , 
2.3023885749968151515, 1.1384689860378340853, , 
2.3023885749968151515, 1.1384689860378340853, , 
2.3131144266417202893, 1.1455855978247750926, , 
2.3131144266417202893, 1.1455855978247750926, , 
2.3131144266417202893, 1.1455855978247750926, , 
2.3131144266417202893, 1.1455855978247750926, , 
2.3131144266417202893, 1.1455855978247750926, , 
2.3131144266417202893, 1.1455855978247750926, , 
2.3131144266417202893, 1.1455855978247750926, , 
2.3131144266417202893, 1.1455855978247750926, , 
2.3131144266417202893, 1.1455855978247750926, , 
2.3131144266417202893, 1.1455855978247750926, , 
2.3131144266417202893, 1.1455855978247750926, , 
2.3131144266417202893, 1.1455855978247750926, , 
2.3131144266417202893, 1.1455855978247750926, , 
2.3131144266417202893, 1.1455855978247750926, , 
2.3131144266417202893, 1.1455855978247750926, , 
2.3131144266417202893, 1.1455855978247750926, , 
2.3131144266417202893, 1.1455855978247750926, , 
2.3131144266417202893, 1.1455855978247750926, , 
2.3131144266417202893, 1.1455855978247750926, , 
2.3131144266417202893, 1.1455855978247750926, , 
2.3131144266417202893, 1.1455855978247750926, , 
2.3131144266417202893, 1.1455855978247750926, , 
2.3131144266417202893, 1.1455855978247750926, , 
2.3131144266417202893, 1.1455855978247750926, , 
2.3131144266417202893, 1.1455855978247750926, , 
2.3131144266417202893, 1.1455855978247750926, , 
2.3131144266417202893, 1.1455855978247750926, , 
2.3131144266417202893, 1.1455855978247750926, , 
2.3131144266417202893, 1.1455855978247750926, , 
2.3131144266417202893, 1.1455855978247750926, , 
2.3337947479556144792, 1.2466143562146858592, , 
2.3337947479556144792, 1.2466143562146858592, , 
2.2787497732151718033, 1.2271100690369416419, , 
2.2423138042924248836, 1.2126222401888751001, , 
2.2787497732151718033, 1.2271100690369416419, , 
2.2423138042924248836, 1.2126222401888751001, , 
2.1642060530767981419, 1.2254384974985210732, , 
2.1642060530767981419, 1.2254384974985210732, , 
2.1451651555846869002, 1.2219603654218653688, , 
2.1451651555846869002, 1.2219603654218653688, , 
2.1018311964421609872, 1.2268581528211854881, , 
2.1018311964421609872, 1.2268581528211854881, , 
2.038718942671551293, 1.2162028751308473495, , 
2.038718942671551293, 1.2162028751308473495, , 
2.0102120166598269613, 1.2339914424807418847, , 
2.0102120166598269613, 1.2339914424807418847, , 
1.932486772494458549, 1.2150502836103305171, , 
1.932486772494458549, 1.2150502836103305171, , 
1.7341230752009388905, 1.3095968998332008226, , 
1.7341230752009388905, 1.3095968998332008226, , 
1.7060654959461114544, 1.3127438108658640026, , 
1.7060654959461114544, 1.3127438108658640026, , 
1.6839833154916008517, 1.3180669963171014469, , 
1.6839833154916008517, 1.3180669963171014469, , 
1.6253094681095272556, 1.3209004626042435415, , 
1.6253094681095272556, 1.3209004626042435415, , 
1.6041150380407023235, 1.3256889622055516575, , 
1.6041150380407023235, 1.3256889622055516575, , 
1.5855271707868578979, 1.3230453919049924849, , 
1.5855271707868578979, 1.3230453919049924849, , 
1.5452601972246424733, 1.3212371726084763957, , 
1.5452601972246424733, 1.3212371726084763957, , 
1.4430579849559350691, 1.3177833391865381163, , 
1.4430579849559350691, 1.3177833391865381163, , 
1.4177326807583596757, 1.3228632175617625055, , 
1.4177326807583596757, 1.3228632175617625055, , 
1.3509777207457633885, 1.3177354597607495723, , 
1.3509777207457633885, 1.3177354597607495723, , 
1.3105795404831299678, 1.3186977935073600499, , 
1.3105795404831299678, 1.3186977935073600499, , 
1.2451310736692842163, 1.3167645074358735879, , 
1.2451310736692842163, 1.3167645074358735879, , 
1.195250777757083771, 1.3293460709201951886, , 
1.195250777757083771, 1.3293460709201951886, , 
1.1834793114777690803, 1.3161884676478978751, , 
1.1834793114777690803, 1.3161884676478978751, , 
1.1570681216980702732, 1.3226567084430502774, , 
1.0493375972527048123, 1.3151093746612114721, , 
1.1570681216980702732, 1.3226567084430502774, , 
1.0493375972527048123, 1.3151093746612114721, , 
1.0023970575947243056, 1.325457297473359608, , 
1.0023970575947243056, 1.325457297473359608, , 
0.96182981242755549722, 1.322271560921281619, , 
0.96182981242755549722, 1.322271560921281619, , 
0.86881727483509729737, 1.3329685842690950359, , 
0.82759316783375225235, 1.3247545038131955941, , 
0.86881727483509729737, 1.3329685842690950359, , 
0.82759316783375225235, 1.3247545038131955941, , 
0.7433798517288849883, 1.3167023359114016223, , 
0.7433798517288849883, 1.3167023359114016223, , 
0.70020733622819575359, 1.3069123536239530825, , 
0.70020733622819575359, 1.3069123536239530825, , 
0.65801847816561032101, 1.3186973251189397782, , 
0.65801847816561032101, 1.3186973251189397782, , 
0.59925788890245923479, 1.3322297582979931718, , 
0.58076041692339663847, 1.3125296220165179051, , 
0.59925788890245923479, 1.3322297582979931718, , 
0.58076041692339663847, 1.3125296220165179051, , 
0.54106949272120785643, 1.3299298787582563008, , 
0.54106949272120785643, 1.3299298787582563008, , 
0.51610706128998729003, 1.3145045978996028335, , 
0.51610706128998729003, 1.3145045978996028335, , 
0.49303426218312951246, 1.3073370831156596594, , 
0.49303426218312951246, 1.3073370831156596594, , 
0.48318477769388412657, 1.3069276453875393607, , 
0.48318477769388412657, 1.3069276453875393607, , 
0.46170471123715661754, 1.3241659336086955001, , 
0.46170471123715661754, 1.3241659336086955001, , 
0.44172079978696415781, 1.3271430902046688072, , 
0.44172079978696415781, 1.3271430902046688072, , 
0.41945436443158601314, 1.3260525074945983537, , 
0.41945436443158601314, 1.3260525074945983537, , 
0.40829621312612129902, 1.3237931216103047127, , 
0.40829621312612129902, 1.3237931216103047127, , 
0.38986127430957939755, 1.3220134730030927983, , 
0.38986127430957939755, 1.3220134730030927983, , 
0.35505788131131316154, 1.3208013306485186789, , 
0.35505788131131316154, 1.3208013306485186789, , 
0.34750620431993989312, 1.3203991593712618435, , 
0.34750620431993989312, 1.3203991593712618435, , 
0.325482462712206988, 1.3216071114833178868, , 
0.325482462712206988, 1.3216071114833178868, , 
0.31039077641080109471, 1.3190440399033729335, , 
0.29874445542413757826, 1.3077085531631176263, , 
0.31039077641080109471, 1.3190440399033729335, , 
0.29874445542413757826, 1.3077085531631176263, , 
0.29636758559984688333, 1.3338078122152083882, , 
0.29636758559984688333, 1.3338078122152083882, , 
0.29399122481670941776, 1.3498173423714245889, , 
0.29399122481670941776, 1.3498173423714245889, , 
0.29643002918731725659, 1.3583993285745643576, , 
0.29643002918731725659, 1.3583993285745643576, , 
0.28273312966420710568, 1.390367770992774199, , 
0.28273312966420710568, 1.390367770992774199, , 
0.26996627051160371202, 1.3965737761928576077, , 
0.26996627051160371202, 1.3965737761928576077, , 
0.25979701379504127612, 1.3998603242451326256, , 
0.25979701379504127612, 1.3998603242451326256, , 
0.25379700995722437318, 1.4335833349960707128, , 
0.25379700995722437318, 1.4335833349960707128, , 
0.24137062568560824216, 1.4457012969647435874, , 
0.24137062568560824216, 1.4457012969647435874, , 
0.22745768301458046956, 1.4625961341026845197, , 
0.22745768301458046956, 1.4625961341026845197, , 
0.21048765569542354781, 1.4641767746972100817, , 
0.21048765569542354781, 1.4641767746972100817, , 
0.18598289718309241048, 1.4735732595717425664, , 
0.18598289718309241048, 1.4735732595717425664, , 
0.16843096749321995187, 1.4725027820926901434, , 
0.16843096749321995187, 1.4725027820926901434, , 
0.16842899707427583245, 1.4729406529048141294, , 
0.16842899707427583245, 1.4729406529048141294, , 
0.16842899707427583245, 1.4729406529048141294, , 
0.16842899707427583245, 1.4729406529048141294, , 
0.16842899707427583245, 1.4729406529048141294, , 
0.16842899707427583245, 1.4729406529048141294, , 
0.16842899707427583245, 1.4729406529048141294, , 
0.16842899707427583245, 1.4729406529048141294, , 
0.16667925732982624698, 1.432444205041512264, , 
0.16667925732982624698, 1.432444205041512264, , 
0.16270961463372302092, 1.3828481771121226007, , 
0.16270961463372302092, 1.3828481771121226007, , 
0.15909582275440514731, 1.3317266903555711188, , 
0.15909582275440514731, 1.3317266903555711188, , 
0.17262185687616038443, 1.2396480547436479203, , 
0.17262185687616038443, 1.2396480547436479203, , 
0.19676423317936309054, 1.2129343804945194041, , 
0.19676423317936309054, 1.2129343804945194041, , 
0.18517259673189956359, 1.1636524723717016627, , 
0.18517259673189956359, 1.1636524723717016627, , 
0.18099776055997363056, 1.2092438187812166728, , 
0.18099776055997363056, 1.2092438187812166728, , 
0.18225558991058754543, 1.068068675395011935, , 
0.18225558991058754543, 1.068068675395011935, , 
0.17443815082583036258, 1.0112278220693970976, , 
0.17443815082583036258, 1.0112278220693970976, , 
0.17919332855893954637, 0.97166662159936767473, , 
0.17919332855893954637, 0.97166662159936767473, , 
0.15629790248357133819, 0.92421426688647945191, , 
0.15629790248357133819, 0.92421426688647945191, , 
0.1648913536653062728, 0.85098125953315295611, , 
0.1648913536653062728, 0.85098125953315295611, , 
0.17555888161876209708, 0.77077702264184622116, , 
0.17555888161876209708, 0.77077702264184622116, , 
0.1807392295778229574, 0.71507484550995226158, , 
0.1807392295778229574, 0.71507484550995226158, , 
0.16242308727605525576, 0.63677874555995850336, , 
0.16242308727605525576, 0.63677874555995850336, , 
0.16978742631602061763, 0.59706210064786557901, , 
0.16978742631602061763, 0.59706210064786557901, , 
0.16877118431478921323, 0.55710393353965481644, , 
0.16877118431478921323, 0.55710393353965481644, , 
0.1590122562372027204, 0.4783779416328089451, , 
0.1590122562372027204, 0.4783779416328089451, , 
0.15754062987818251429, 0.45874539042118850363, , 
0.14105977580258155513, 0.41550262323057080005, , 
0.15754062987818251429, 0.45874539042118850363, , 
0.14105977580258155513, 0.41550262323057080005, , 
0.14929861411470768395, 0.36467077482867044091, , 
0.14929861411470768395, 0.36467077482867044091, , 
0.15548235548666555772, 0.32114067466902024295, , 
0.15548235548666555772, 0.32114067466902024295, , 
0.15734914546005551728, 0.3093476162212453473, , 
0.15734914546005551728, 0.3093476162212453473, , 
0.18609906441950041511, 0.30379452407058099572, , 
0.18609906441950041511, 0.30379452407058099572, , 
0.16574599075536489146, 0.26658779701038065602, , 
0.16574599075536489146, 0.26658779701038065602, , 
0.16861803229950811378, 0.25104142235995569044, , 
0.16861803229950811378, 0.25104142235995569044, , 
0.16433177834093815051, 0.23747438245881996588, , 
0.16433177834093815051, 0.23747438245881996588, , 
0.1464660222271398915, 0.18551871689159765699, , 
0.1464660222271398915, 0.18551871689159765699, , 
0.14447001221611110999, 0.17356033656095698481, , 
0.14447001221611110999, 0.17356033656095698481, , 
0.15546124493667035082, 0.14791374800901230246, , 
0.15546124493667035082, 0.14791374800901230246, , 
0.1539817784192556438, 0.13704584972357636286, , 
0.1539817784192556438, 0.13704584972357636286, , 
0.16722301519080229326, 0.12416343247682160023, , 
0.16722301519080229326, 0.12416343247682160023, , 
0.16339454470817860177, 0.13585810843191370445, , 
0.13874464534910702085, 0.13095456823904089161, , 
0.16339454470817860177, 0.13585810843191370445, , 
0.13874464534910702085, 0.13095456823904089161, , 
0.10335448167250937956, 0.12699644544455362949, , 
0.10335448167250937956, 0.12699644544455362949, , 
0.069767653043487865006, 0.11483069773243015366, , 
0.069767653043487865006, 0.11483069773243015366, , 
0.079277008786851288491, 0.11827925075664413868, , 
0.079277008786851288491, 0.11827925075664413868, , 
0.05515718765937793755, 0.10351705900399882365, , 
0.05515718765937793755, 0.10351705900399882365, , 
0.051973897390357404191, 0.10109979743226293891, , 
0.051973897390357404191, 0.10109979743226293891, , 
0.038051361988280962834, 0.080901250028342253096, , 
0.038051361988280962834, 0.080901250028342253096, , 
0.032285250795342612662, 0.076059129153407845081, , 
0.032285250795342612662, 0.076059129153407845081, , 
0.028474600113130188461, 0.06838635537785547891, , 
0.028474600113130188461, 0.06838635537785547891, , 
0.018010656242660072479, 0.055879543749142224218, , 
0.018010656242660072479, 0.055879543749142224218, , 
-0.0012009965668852151666, 0.023714626258015347737, , 
-0.0012009965668852151666, 0.023714626258015347737, , 
0.014931113116275929187, 0.020072801372342019555, , 
0.014931113116275929187, 0.020072801372342019555, , 
-0.0029183933853135224368, -0.0018832212118156110847, , 
-0.0029183933853135224368, -0.0018832212118156110847, , 
0.014172977366146533029, 0.0016235981561700252307, , 
0.014172977366146533029, 0.0016235981561700252307, , 
0.011482145434244639404, 0.00076117819086657378946, , 
0.011482145434244639404, 0.00076117819086657378946, , 
0.011568819813867481372, 0.00072710242003481972972, , 
0.011568819813867481372, 0.00072710242003481972972, , 
0.011568819813867481372, 0.00072710242003481972972, , 
0.011568819813867481372, 0.00072710242003481972972, , 
0.011568819813867481372, 0.00072710242003481972972, , 
0.011568819813867481372, 0.00072710242003481972972, , 
0.011568819813867481372, 0.00072710242003481972972, , 
0.011568819813867481372, 0.00072710242003481972972, , 
0.011568819813867481372, 0.00072710242003481972972, , 
0.011568819813867481372, 0.00072710242003481972972, , 
0.011568819813867481372, 0.00072710242003481972972, , 
0.011568819813867481372, 0.00072710242003481972972, , 
0.011568819813867481372, 0.00072710242003481972972, , 
0.011568819813867481372, 0.00072710242003481972972, , 
0.011568819813867481372, 0.00072710242003481972972, , 
0.011568819813867481372, 0.00072710242003481972972, , 
0.011568819813867481372, 0.00072710242003481972972, , 
0.011568819813867481372, 0.00072710242003481972972, , 
0.011568819813867481372, 0.00072710242003481972972, , 
0.011568819813867481372, 0.00072710242003481972972, , 
0.011568819813867481372, 0.00072710242003481972972, , 
0.0016103606532471559376, -0.004024761261109621735, , 
0.011568819813867481372, 0.00072710242003481972972, , 
0.0016103606532471559376, -0.004024761261109621735, , 
0.020265094277225337294, 0.0020478881818526972758, , 
0.020265094277225337294, 0.0020478881818526972758, , 
0.040943129615819806588, 0.00049323905738657414233, , 
0.040943129615819806588, 0.00049323905738657414233, , 
0.06223425790845560357, -0.0059805980774683686896, , 
0.06223425790845560357, -0.0059805980774683686896, , 
0.11405624446694329066, -0.0067411709021942545217, , 
0.11405624446694329066, -0.0067411709021942545217, , 
0.20275494398685856012, -0.00058791491261384054567, , 
0.20275494398685856012, -0.00058791491261384054567, , 
0.22662668861826684719, -0.0040648590457800781728, , 
0.22662668861826684719, -0.0040648590457800781728, , 
0.24647534923231217974, -0.0047367485063060099648, , 
0.24647534923231217974, -0.0047367485063060099648, , 
0.30143644789973600417, -0.00095622845259374367188, , 
0.30143644789973600417, -0.00095622845259374367188, , 
0.31080102650597063452, -0.002821218414006565478, , 
0.31080102650597063452, -0.002821218414006565478, , 
0.3531004513889948182, -0.0040974483538865902332, , 
0.3531004513889948182, -0.0040974483538865902332, , 
0.38244657797980985414, -0.002425526274611788935, , 
0.38244657797980985414, -0.002425526274611788935, , 
0.43730961824100278434, -0.0030898597173303898877, , 
0.43730961824100278434, -0.0030898597173303898877, , 
0.47823665383520008731, -0.0033970541921737873459, , 
0.47823665383520008731, -0.0033970541921737873459, , 
0.51476403715306484621, -0.003586792426609253237, , 
0.51476403715306484621, -0.003586792426609253237, , 
0.56992830823460871592, -0.0080865354654812149349, , 
0.56992830823460871592, -0.0080865354654812149349, , 
0.59793547815495662334, -0.007564235764611182411, , 
0.59793547815495662334, -0.007564235764611182411, , 
0.67231400188229617498, 0.043078387601481527014, , 
0.67231400188229617498, 0.043078387601481527014, , 
0.71724894349946299865, 0.041624529044032243519, , 
0.71724894349946299865, 0.041624529044032243519, , 
0.75985135740594944576, 0.009184828822162760531, , 
0.75985135740594944576, 0.009184828822162760531, , 
0.80707934063807473812, 0.044422152102910228422, , 
0.80707934063807473812, 0.044422152102910228422, , 
0.85256327257871111769, 0.036997113219005672846, , 
0.85256327257871111769, 0.036997113219005672846, , 
0.96194474932870432937, 0.042523180384526515496, , 
0.96194474932870432937, 0.042523180384526515496, , 
0.98198258288939199723, 0.042574810488857028901, , 
0.98198258288939199723, 0.042574810488857028901, , 
1.0478475953121555442, 0.017986561422886016004, , 
1.0478475953121555442, 0.017986561422886016004, , 
1.0928752149703524488, 0.065890207358424657258, , 
1.0928752149703524488, 0.065890207358424657258, , 
1.132789243870757856, 0.065627492424331634879, , 
1.132789243870757856, 0.065627492424331634879, , 
1.2797272391970833105, 0.0025679151161042135243, , 
1.2797272391970833105, 0.0025679151161042135243, , 
1.3181286355133678967, 0.02062807221093621024, , 
1.3181286355133678967, 0.02062807221093621024, , 
1.4049726979973655716, 0.039126759695271129402, , 
1.4049726979973655716, 0.039126759695271129402, , 
1.4430967499894982176, -0.0020049678396412140557, , 
1.4430967499894982176, -0.0020049678396412140557, , 
1.4479447795711399838, 0.099303212092774817421, , 
1.4479447795711399838, 0.099303212092774817421, , 
1.5232930197945071527, 0.072634495529123377366, , 
1.5232930197945071527, 0.072634495529123377366, , 
1.5711862662935305313, 0.051337479862172852307, , 
1.5711862662935305313, 0.051337479862172852307, , 
1.6238143588305551379, 0.047829366260665473476, , 
1.6238143588305551379, 0.047829366260665473476, , 
1.6877009635700057633, 0.042861700574089667271, , 
1.6877009635700057633, 0.042861700574089667271, , 
1.6984325396157959887, 0.041949407058822885119, , 
1.6984325396157959887, 0.041949407058822885119, , 
1.7390183421710316836, 0.042139095391968695026, , 
1.7390183421710316836, 0.042139095391968695026, , 
1.740171928218749553, 0.077088484876546292668, , 
1.740171928218749553, 0.077088484876546292668, , 
1.8010027941188897493, 0.029904225622821467567, , 
1.8010027941188897493, 0.029904225622821467567, , 
1.7793343260563949659, 0.094707572782980253834, , 
1.7793343260563949659, 0.094707572782980253834, , 
1.8461733559199857702, 0.062408062550649123779, , 
1.8461733559199857702, 0.062408062550649123779, , 
1.8612658288103476334, 0.058403827727372181755, , 
1.8612658288103476334, 0.058403827727372181755, , 
1.904161271181725068, 0.075777575554945020286, , 
1.904161271181725068, 0.075777575554945020286, , 
1.9652620296082499163, 0.017441405928060316199, , 
1.9652620296082499163, 0.017441405928060316199, , 
1.940432573859927734, 0.064463012173274769623, , 
1.940432573859927734, 0.064463012173274769623, , 
1.9447908070722128571, 0.051346610178530038837, , 
1.9593050503654909633, -0.011584018233686599331, , 
1.9447908070722128571, 0.051346610178530038837, , 
1.9593050503654909633, -0.011584018233686599331, , 
1.9446012055775734328, 0.0048592338063131457204, , 
1.9446012055775734328, 0.0048592338063131457204, , 
1.9671049567516807333, -0.037964984270834722935, , 
1.9671049567516807333, -0.037964984270834722935, , 
1.9290330351260027708, 0.024756848579114976161, , 
1.9290330351260027708, 0.024756848579114976161, , 
1.9528940511989527629, -0.021091297770102990228, , 
1.9528940511989527629, -0.021091297770102990228, , 
1.9718821864794295884, -0.039216876435363978715, , 
1.9718821864794295884, -0.039216876435363978715, , 
2.0309269367289450869, -0.121924708786415259, , 
2.0309269367289450869, -0.121924708786415259, , 
2.0405851723946835108, -0.12724326379226313932, , 
2.0405851723946835108, -0.12724326379226313932, , 
2.0269337229976835957, -0.090575894216332386577, , 
2.0269337229976835957, -0.090575894216332386577, , 
2.011282410753126193, -0.045616346804845608887, , 
2.011282410753126193, -0.045616346804845608887, , 
2.042988427612714819, -0.07164657641063110205, , 
2.042988427612714819, -0.07164657641063110205, , 
2.0758499212722751892, -0.11587153339450262379, , 
2.0758499212722751892, -0.11587153339450262379, , 
2.0644596614647525712, -0.071491767857950527798, , 
2.0644596614647525712, -0.071491767857950527798, , 
2.0913609510388173618, -0.11195452535742811406, , 
2.0913609510388173618, -0.11195452535742811406, , 
2.0913609510388173618, -0.11195452535742811406, , 
2.0913609510388173618, -0.11195452535742811406, , 
2.0913808096598476283, -0.10546931057682584765, , 
2.0913808096598476283, -0.10546931057682584765, , 
2.0913808096598476283, -0.10546931057682584765, , 
2.0913808096598476283, -0.10546931057682584765, , 
2.0769996729948703162, -0.076753371833044869987, , 
2.0769996729948703162, -0.076753371833044869987, , 
2.0802364265313908476, -0.050899954373470723823, , 
2.0802364265313908476, -0.050899954373470723823, , 
2.0634916451851070818, 0.021431521797492081305, , 
2.0634916451851070818, 0.021431521797492081305, , 
2.0950189481249004153, 0.061647888555740770755, , 
2.0950189481249004153, 0.061647888555740770755, , 
2.0731873154083193533, 0.18776520622884707024, , 
2.0731873154083193533, 0.18776520622884707024, , 
2.0830728619166576365, 0.24028773450308804627, , 
2.0830728619166576365, 0.24028773450308804627, , 
2.0586386590261209761, 0.31189110209069959012, , 
2.1975462576037991802, 0.31499556931907418678, , 
2.0586386590261209761, 0.31189110209069959012, , 
2.1975462576037991802, 0.31499556931907418678, , 
2.205998843594752401, 0.42445678828738497845, , 
2.205998843594752401, 0.42445678828738497845, , 
2.216995644978421609, 0.49720522718775395088, , 
2.216995644978421609, 0.49720522718775395088, , 
2.207619212166577416, 0.5452656744150496948, , 
2.207619212166577416, 0.5452656744150496948, , 
2.186750355786864386, 0.67075117860621180643, , 
2.186750355786864386, 0.67075117860621180643, , 
2.196966495207605341, 0.7287626629042250892, , 
2.196966495207605341, 0.7287626629042250892, , 
2.1846517892393082505, 0.75649852835134367979, , 
2.1846517892393082505, 0.75649852835134367979, , 
2.1962902704585474112, 0.80453827151958068331, , 
2.1962902704585474112, 0.80453827151958068331, , 
2.2056583145911066168, 0.86963047810475913035, , 
2.2056583145911066168, 0.86963047810475913035, , 
2.1913472334474581871, 0.93154563678210822175, , 
2.1913472334474581871, 0.93154563678210822175, , 
2.1916964578914464035, 0.94037310447572364236, , 
2.1916964578914464035, 0.94037310447572364236, , 
2.2026049151515771918, 0.98634888884253768548, , 
2.2026049151515771918, 0.98634888884253768548, , 
2.2033473163323691324, 0.99991405786447018489, , 
2.2033473163323691324, 0.99991405786447018489, , 
2.2113245305890836256, 1.0223931941780899368, , 
2.2113245305890836256, 1.0223931941780899368, , 
2.2076045177891190363, 1.0608879349593816066, , 
2.2076045177891190363, 1.0608879349593816066, , 
2.194690607186785769, 1.0894002295787328372, , 
2.194690607186785769, 1.0894002295787328372, , 
2.1952283197372022272, 1.0824955817675729897, , 
2.1952283197372022272, 1.0824955817675729897, , 
2.193247521820196333, 1.0838283568760140874, , 
2.193247521820196333, 1.0838283568760140874, , 
2.193247521820196333, 1.0838283568760140874, , 
2.193247521820196333, 1.0838283568760140874, , 
2.193247521820196333, 1.0838283568760140874, , 
2.193247521820196333, 1.0838283568760140874, , 
2.2063011307075366396, 1.0717453466114430505, , 
2.2063011307075366396, 1.0717453466114430505, , 
2.231687593079158205, 1.0657653106106539376, , 
2.231687593079158205, 1.0657653106106539376, , 
2.2423664167300141337, 1.0797214817142299914, , 
2.2423664167300141337, 1.0797214817142299914, , 
2.2558311396385368752, 1.0767614441321762264, , 
2.2558311396385368752, 1.0767614441321762264, , 
2.2692887634857843437, 1.100957671334403809, , 
2.2692887634857843437, 1.100957671334403809, , 
2.288206690032573043, 1.0993309292223916174, , 
2.288206690032573043, 1.0993309292223916174, , 
2.283452387800848804, 1.1278690127346040484, , 
2.283452387800848804, 1.1278690127346040484, , 
2.2888168120561322993, 1.1454469629985783996, , 
2.3104122424255360002, 1.1378095596591930594, , 
2.2888168120561322993, 1.1454469629985783996, , 
2.3104122424255360002, 1.1378095596591930594, , 
2.3189037967038323984, 1.1345204081425770415, , 
2.3189037967038323984, 1.1345204081425770415, , 
2.3189037967038323984, 1.1345204081425770415, , 
2.3189037967038323984, 1.1345204081425770415, , 
2.3189037967038323984, 1.1345204081425770415, , 
2.3189037967038323984, 1.1345204081425770415, , 
2.3189037967038323984, 1.1345204081425770415, , 
2.3189037967038323984, 1.1345204081425770415, , 
2.3189037967038323984, 1.1345204081425770415, , 
2.3189037967038323984, 1.1345204081425770415, , 
2.3189037967038323984, 1.1345204081425770415, , 
2.3189037967038323984, 1.1345204081425770415, , 
2.3189037967038323984, 1.1345204081425770415, , 
2.3189037967038323984, 1.1345204081425770415, , 
2.3189037967038323984, 1.1345204081425770415, , 
2.3189037967038323984, 1.1345204081425770415, , 
2.3189037967038323984, 1.1345204081425770415, , 
2.3189037967038323984, 1.1345204081425770415, , 
2.3189037967038323984, 1.1345204081425770415, , 
2.3189037967038323984, 1.1345204081425770415, , 
2.3166570419446754769, 1.2291887245304988774, , 
2.3166570419446754769, 1.2291887245304988774, , 
2.279235037515003004, 1.2231082481411856833, , 
2.279235037515003004, 1.2231082481411856833, , 
2.254521640669532534, 1.2270802232304940382, , 
2.254521640669532534, 1.2270802232304940382, , 
2.1855812582359726015, 1.2220722044587448707, , 
2.1855812582359726015, 1.2220722044587448707, , 
2.094867066982875059, 1.2200827787234596045, , 
2.094867066982875059, 1.2200827787234596045, , 
1.9888005610196093365, 1.219838543453523716, , 
1.9888005610196093365, 1.219838543453523716, , 
1.6998364029933961117, 1.3224856238290318977, , 
1.6998364029933961117, 1.3224856238290318977, , 
1.6870493328277618161, 1.3154431722205317534, , 
1.6870493328277618161, 1.3154431722205317534, , 
1.6006874272575337681, 1.3181910714651365879, , 
1.6006874272575337681, 1.3181910714651365879, , 
1.5293481693417718681, 1.3165655016840631664, , 
1.5293481693417718681, 1.3165655016840631664, , 
1.5093280636985995091, 1.3152060896723574146, , 
1.5093280636985995091, 1.3152060896723574146, , 
1.4635339223984640267, 1.3210429175323687989, , 
1.4635339223984640267, 1.3210429175323687989, , 
1.4170392128888764649, 1.327898072274175334, , 
1.4170392128888764649, 1.327898072274175334, , 
1.3920455923801440257, 1.3106994356527903456, , 
1.3920455923801440257, 1.3106994356527903456, , 
1.3301808867949587167, 1.3308140947094682094, , 
1.3301808867949587167, 1.3308140947094682094, , 
1.3196132014198043159, 1.3194181447697772569, , 
1.3196132014198043159, 1.3194181447697772569, , 
1.256978644114973287, 1.3194050186696504312, , 
1.256978644114973287, 1.3194050186696504312, , 
1.2334282975419010864, 1.3201493061515077176, , 
1.2334282975419010864, 1.3201493061515077176, , 
1.1824550144001779728, 1.3266954350063890899, , 
1.1824550144001779728, 1.3266954350063890899, , 
1.1220167152093583063, 1.323434471205153784, , 
1.1220167152093583063, 1.323434471205153784, , 
1.0828018178635914204, 1.3170022985666860471, , 
1.0828018178635914204, 1.3170022985666860471, , 
1.0371403584838581047, 1.3174600762404695686, , 
1.0371403584838581047, 1.3174600762404695686, , 
1.0116817692766399972, 1.3282632503893383458, , 
1.0116817692766399972, 1.3282632503893383458, , 
0.97338854808535624219, 1.3174159951196033891, , 
0.97338854808535624219, 1.3174159951196033891, , 
0.89731995606155245948, 1.3229813572114790254, , 
0.89731995606155245948, 1.3229813572114790254, , 
0.88076865221814404361, 1.3131489972178782555, , 
0.88076865221814404361, 1.3131489972178782555, , 
0.83928551519996041907, 1.3217834241423158659, , 
0.83928551519996041907, 1.3217834241423158659, , 
0.81312892416438697918, 1.3230828725477017382, , 
0.81312892416438697918, 1.3230828725477017382, , 
0.79097672752694880849, 1.3226812426201113304, , 
0.79097672752694880849, 1.3226812426201113304, , 
0.72881044257795069008, 1.3402735664718092856, , 
0.72881044257795069008, 1.3402735664718092856, , 
0.68008441547093834156, 1.325574502728592563, , 
0.68008441547093834156, 1.325574502728592563, , 
0.62250354170524069275, 1.3340532713551114252, , 
0.62250354170524069275, 1.3340532713551114252, , 
0.58964238153499959338, 1.3263551409553127058, , 
0.58964238153499959338, 1.3263551409553127058, , 
0.56005081202220252656, 1.3252434299479967095, , 
0.56005081202220252656, 1.3252434299479967095, , 
0.51293434622360489783, 1.3318941758123863384, , 
0.51293434622360489783, 1.3318941758123863384, , 
0.48963588887257336602, 1.3400121664161162016, , 
0.48963588887257336602, 1.3400121664161162016, , 
0.46760881154749200928, 1.3390145873912935315, , 
0.46760881154749200928, 1.3390145873912935315, , 
0.44104373820759895652, 1.3177866940398001994, , 
0.44104373820759895652, 1.3177866940398001994, , 
0.41325567449393885155, 1.3305023450365842663, , 
0.41325567449393885155, 1.3305023450365842663, , 
0.40058989307627002052, 1.3342984866137299615, , 
0.40058989307627002052, 1.3342984866137299615, , 
0.37023220037407578165, 1.3398305159732442071, , 
0.37023220037407578165, 1.3398305159732442071, , 
0.34822338929529939033, 1.328029488643289735, , 
0.34822338929529939033, 1.328029488643289735, , 
0.34178384392166555328, 1.3331590108568209807, , 
0.34178384392166555328, 1.3331590108568209807, , 
0.31784791324683991931, 1.3301377457558918316, , 
0.31784791324683991931, 1.3301377457558918316, , 
0.29739184820497083228, 1.3452557449325230898, , 
0.29739184820497083228, 1.3452557449325230898, , 
0.30040444527851400958, 1.3274063534204807446, , 
0.30040444527851400958, 1.3274063534204807446, , 
0.3026543988211489733, 1.3439627244126501893, , 
0.3026543988211489733, 1.3439627244126501893, , 
0.2990090221253747238, 1.3536872649268101299, , 
0.2990090221253747238, 1.3536872649268101299, , 
0.29463750245560310637, 1.3529799819995542709, , 
0.29463750245560310637, 1.3529799819995542709, , 
0.30165126162380323516, 1.3793311737399724937, , 
0.30165126162380323516, 1.3793311737399724937, , 
0.29547993263371291617, 1.3825971108266867926, , 
0.29547993263371291617, 1.3825971108266867926, , 
0.29182546919647917028, 1.3872359081738370179, , 
0.29182546919647917028, 1.3872359081738370179, , 
0.28545062019762340588, 1.4053056420362435297, , 
0.28545062019762340588, 1.4053056420362435297, , 
0.27124614150994375006, 1.4147592985600661031, , 
0.25568447684638995199, 1.4298332428528590654, , 
0.27124614150994375006, 1.4147592985600661031, , 
0.25568447684638995199, 1.4298332428528590654, , 
0.25309392423678428452, 1.4513240845992545491, , 
0.25309392423678428452, 1.4513240845992545491, , 
0.24895128649586190095, 1.4609893370696784842, , 
0.24039929388423297851, 1.4794370092796635952, , 
0.24895128649586190095, 1.4609893370696784842, , 
0.24039929388423297851, 1.4794370092796635952, , 
0.21046744396025057755, 1.4710581469786006004, , 
0.21046744396025057755, 1.4710581469786006004, , 
0.19663168741855058252, 1.4888411303547266495, , 
0.19663168741855058252, 1.4888411303547266495, , 
0.17377405064895007358, 1.4814869286273932847, , 
0.17377405064895007358, 1.4814869286273932847, , 
0.17412522460673612867, 1.4836578855733328908, , 
0.17412522460673612867, 1.4836578855733328908, , 
0.18138514589102389118, 1.4956837422297477591, , 
0.16752532656317531412, 1.4839498350653799186, , 
0.18138514589102389118, 1.4956837422297477591, , 
0.16752532656317531412, 1.4839498350653799186, , 
0.16539272104018154508, 1.4821509486396100552, , 
0.16539272104018154508, 1.4821509486396100552, , 
0.16834310114069039876, 1.490654846689761559, , 
0.16834310114069039876, 1.490654846689761559, , 
0.16834310114069039876, 1.490654846689761559, , 
0.16834310114069039876, 1.490654846689761559, , 
0.16834310114069039876, 1.490654846689761559, , 
0.16834310114069039876, 1.490654846689761559, , 
0.16834310114069039876, 1.490654846689761559, , 
0.16834310114069039876, 1.490654846689761559, , 
0.17488752860803968847, 1.4916560337367852362, , 
0.17488752860803968847, 1.4916560337367852362, , 
0.16562435640318751151, 1.4181580913575926317, , 
0.16562435640318751151, 1.4181580913575926317, , 
0.16411099889322100509, 1.3556248334764595675, , 
0.16411099889322100509, 1.3556248334764595675, , 
0.17127247202324302755, 1.2583722522776963348, , 
0.17127247202324302755, 1.2583722522776963348, , 
0.20250983006333500569, 1.2286588962246904888, , 
0.20250983006333500569, 1.2286588962246904888, , 
0.18715738984202046069, 1.137954750345490984, , 
0.18715738984202046069, 1.137954750345490984, , 
0.17881132329944615655, 1.0415744738222492138, , 
0.17881132329944615655, 1.0415744738222492138, , 
0.17331398940254549856, 1.0059527076569387827, , 
0.17331398940254549856, 1.0059527076569387827, , 
0.160027906556657884, 0.92760661574277203378, , 
0.160027906556657884, 0.92760661574277203378, , 
0.16309598803228553265, 0.90905658385889265283, , 
0.16309598803228553265, 0.90905658385889265283, , 
0.17564010904481963671, 0.81044186428573028458, , 
0.17564010904481963671, 0.81044186428573028458, , 
0.15792536551943658907, 0.73323623558563921776, , 
0.15792536551943658907, 0.73323623558563921776, , 
0.16623944184707317717, 0.69558007798731935623, , 
0.16623944184707317717, 0.69558007798731935623, , 
0.16612323797082773069, 0.64098065723490438295, , 
0.16612323797082773069, 0.64098065723490438295, , 
0.18180342055738973883, 0.53569851370747101349, , 
0.18180342055738973883, 0.53569851370747101349, , 
0.18042680195324711789, 0.48976907173539357965, , 
0.18042680195324711789, 0.48976907173539357965, , 
0.16419256550684968587, 0.46146931615621150646, , 
0.16419256550684968587, 0.46146931615621150646, , 
0.17569235594533161304, 0.43436243916430700152, , 
0.17569235594533161304, 0.43436243916430700152, , 
0.18007516624747621492, 0.39100328911136866816, , 
0.18007516624747621492, 0.39100328911136866816, , 
0.17778681960558495589, 0.3734181843431114145, , 
0.17778681960558495589, 0.3734181843431114145, , 
0.16529493681623819157, 0.34185618407232370997, , 
0.16529493681623819157, 0.34185618407232370997, , 
0.16306134845781317111, 0.310289938421273781, , 
0.16306134845781317111, 0.310289938421273781, , 
0.18043487356407705846, 0.29509396339008880927, , 
0.18043487356407705846, 0.29509396339008880927, , 
0.14856139039760840603, 0.25247422364443733445, , 
0.14856139039760840603, 0.25247422364443733445, , 
0.16561141150579272718, 0.24849961756615296382, , 
0.16561141150579272718, 0.24849961756615296382, , 
0.16141875354174661794, 0.22678994310393779665, , 
0.16141875354174661794, 0.22678994310393779665, , 
0.15783479465930438934, 0.19852654035684480505, , 
0.15783479465930438934, 0.19852654035684480505, , 
0.1517235146079225494, 0.17571521714626942012, , 
0.1517235146079225494, 0.17571521714626942012, , 
0.18813426723872472834, 0.15483313867822151577, , 
0.18813426723872472834, 0.15483313867822151577, , 
0.15539570996168983186, 0.13427738866546640173, , 
0.15539570996168983186, 0.13427738866546640173, , 
0.1664612848733799666, 0.1187352986031905977, , 
0.1664612848733799666, 0.1187352986031905977, , 
0.16757351422244548544, 0.1232064606189017808, , 
0.16757351422244548544, 0.1232064606189017808, , 
0.13997799800572607865, 0.1288853333220216224, , 
0.13997799800572607865, 0.1288853333220216224, , 
0.15332070184990320705, 0.13705847933208747946, , 
0.15332070184990320705, 0.13705847933208747946, , 
0.1656626462361527885, 0.14074317754048137896, , 
0.1656626462361527885, 0.14074317754048137896, , 
0.13117603605648842091, 0.13638299033663786597, , 
0.13117603605648842091, 0.13638299033663786597, , 
0.11801224882603600363, 0.13073348104390386526, , 
0.11801224882603600363, 0.13073348104390386526, , 
0.11370533606703636664, 0.13180327472389213872, , 
0.11370533606703636664, 0.13180327472389213872, , 
0.12455062643439274161, 0.1342117742853868867, , 
0.12455062643439274161, 0.1342117742853868867, , 
0.092041402280391926283, 0.12409592767642846356, , 
0.092041402280391926283, 0.12409592767642846356, , 
0.10633369017109695065, 0.12671719050719837396, , 
0.10633369017109695065, 0.12671719050719837396, , 
0.091818446134108056, 0.1212306211790643018, , 
0.091818446134108056, 0.1212306211790643018, , 
0.069014719657761069982, 0.11297022386234056857, , 
0.069014719657761069982, 0.11297022386234056857, , 
0.057003136737667547962, 0.10414069670733400175, , 
0.057003136737667547962, 0.10414069670733400175, , 
0.059390037540820506123, 0.098614292314062157452, , 
0.059390037540820506123, 0.098614292314062157452, , 
0.050757727749568104514, 0.091420843615194313792, , 
0.050757727749568104514, 0.091420843615194313792, , 
0.050048495093405032108, 0.086487565382567910266, , 
0.050048495093405032108, 0.086487565382567910266, , 
0.034455071025809136387, 0.072222622315476714405, , 
0.034455071025809136387, 0.072222622315476714405, , 
0.034797235819422622782, 0.070986579249325887364, , 
0.034797235819422622782, 0.070986579249325887364, , 
0.040386225394999142324, 0.064339071382145507361, , 
0.040386225394999142324, 0.064339071382145507361, , 
0.024564804255308159142, 0.050205604153696070657, , 
0.024564804255308159142, 0.050205604153696070657, , 
0.019071628789296024564, 0.03317588596031223469, , 
0.019071628789296024564, 0.03317588596031223469, , 
0.017031418101564055334, 0.02944318663278283621, , 
0.017031418101564055334, 0.02944318663278283621, , 
0.011745355544626301381, 0.016870113675281517285, , 
0.011745355544626301381, 0.016870113675281517285, , 
0.012142119308704790726, 0.013946387105594093558, , 
0.012142119308704790726, 0.013946387105594093558, , 
0.010372982683996667674, 0.0068078355106235277638, , 
0.010372982683996667674, 0.0068078355106235277638, , 
0.01945934184682429624, 0.0059128044222376274774, , 
0.01945934184682429624, 0.0059128044222376274774, , 
0.012727368396522997784, 0.0031373501532972469796, , 
0.012727368396522997784, 0.0031373501532972469796, , 
0.0097739173447186633581, 0.00056932824446948027131, , 
0.0097739173447186633581, 0.00056932824446948027131, , 
0.016244494415183163838, 0.00041580049130746088437, , 
0.016244494415183163838, 0.00041580049130746088437, , 
0.016244494415183163838, 0.00041580049130746088437, , 
0.016244494415183163838, 0.00041580049130746088437, , 
0.016244494415183163838, 0.00041580049130746088437, , 
0.016244494415183163838, 0.00041580049130746088437, , 
0.016244494415183163838, 0.00041580049130746088437, , 
0.016244494415183163838, 0.00041580049130746088437, , 
0.016244494415183163838, 0.00041580049130746088437, , 
0.016244494415183163838, 0.00041580049130746088437, , 
0.016244494415183163838, 0.00041580049130746088437, , 
0.016244494415183163838, 0.00041580049130746088437, , 
0.016244494415183163838, 0.00041580049130746088437, , 
0.016244494415183163838, 0.00041580049130746088437, , 
0.016244494415183163838, 0.00041580049130746088437, , 
0.016244494415183163838, 0.00041580049130746088437, , 
0.016244494415183163838, 0.00041580049130746088437, , 
0.016244494415183163838, 0.00041580049130746088437, , 
0.016244494415183163838, 0.00041580049130746088437, , 
0.016244494415183163838, 0.00041580049130746088437, , 
0.016244494415183163838, 0.00041580049130746088437, , 
0.016244494415183163838, 0.00041580049130746088437, , 
0.016244494415183163838, 0.00041580049130746088437, , 
0.016244494415183163838, 0.00041580049130746088437, , 
0.016244494415183163838, 0.00041580049130746088437, , 
0.016244494415183163838, 0.00041580049130746088437, , 
0.016244494415183163838, 0.00041580049130746088437, , 
0.016244494415183163838, 0.00041580049130746088437, , 
0.016896164122967682886, -0.0021914032486370360608, , 
0.016896164122967682886, -0.0021914032486370360608, , 
0.052717082184733365935, -0.0018888329685468607799, , 
0.052717082184733365935, -0.0018888329685468607799, , 
0.12330348090407228234, -0.0032945743901406365772, , 
0.12330348090407228234, -0.0032945743901406365772, , 
0.20273598867989983674, -0.0010543319565570752339, , 
0.20273598867989983674, -0.0010543319565570752339, , 
0.27381704434407438953, 0.0019112101006084070143, , 
0.27381704434407438953, 0.0019112101006084070143, , 
0.3376489206499009299, 0.0069797205644269166847, , 
0.3376489206499009299, 0.0069797205644269166847, , 
0.37266605814383590989, 0.0096223948470919307141, , 
0.37266605814383590989, 0.0096223948470919307141, , 
0.41547121974345668782, 0.0051510750791750603561, , 
0.41547121974345668782, 0.0051510750791750603561, , 
0.43654474142919874602, 0.0044859322291038172814, , 
0.43654474142919874602, 0.0044859322291038172814, , 
0.49453375283615930158, 0.0051584574667166149808, , 
0.49453375283615930158, 0.0051584574667166149808, , 
0.54828727518780207006, 0.0073611499323570361852, , 
0.63714356976302199964, 0.044728431923798606107, , 
0.54828727518780207006, 0.0073611499323570361852, , 
0.63714356976302199964, 0.044728431923798606107, , 
0.74720842220400884859, 0.047730699639545903779, , 
0.74720842220400884859, 0.047730699639545903779, , 
0.78665065223249019954, 0.080345570003106381307, , 
0.78665065223249019954, 0.080345570003106381307, , 
0.86527632033224910479, -0.013314387211482259232, , 
0.86527632033224910479, -0.013314387211482259232, , 
0.88027206415050740507, 0.081118122836874029247, , 
0.88027206415050740507, 0.081118122836874029247, , 
0.97273983896717663988, 0.021219429382326904232, , 
0.97273983896717663988, 0.021219429382326904232, , 
0.99681498070884844154, 0.054718018576365601291, , 
0.99681498070884844154, 0.054718018576365601291, , 
1.03843725364586148, 0.058052857161681625797, , 
1.03843725364586148, 0.058052857161681625797, , 
1.1359773714234810971, 0.097201770603847936769, , 
1.1359773714234810971, 0.097201770603847936769, , 
1.1626842060915840715, 0.073273870758520320834, , 
1.1626842060915840715, 0.073273870758520320834, , 
1.2150023345631733029, 0.040149384643115570981, , 
1.2150023345631733029, 0.040149384643115570981, , 
1.235474341891052763, 0.039674575712705273389, , 
1.2938220508785678309, 0.070193355472726093325, , 
1.235474341891052763, 0.039674575712705273389, , 
1.2938220508785678309, 0.070193355472726093325, , 
1.3634872290620583257, 0.071977764665976717851, , 
1.3634872290620583257, 0.071977764665976717851, , 
1.4025569193002485058, 0.087780352019574348077, , 
1.4025569193002485058, 0.087780352019574348077, , 
1.4612760676880460764, 0.056162128115793574779, , 
1.4612760676880460764, 0.056162128115793574779, , 
1.4737053222015923382, 0.085205080799016119641, , 
1.4737053222015923382, 0.085205080799016119641, , 
1.5752790351741228214, 0.086521849927560179339, , 
1.5752790351741228214, 0.086521849927560179339, , 
1.650326944010076291, 0.05780739845071014571, , 
1.650326944010076291, 0.05780739845071014571, , 
1.7117925434759724279, 0.040100859220500328917, , 
1.7117925434759724279, 0.040100859220500328917, , 
1.7666138641589532732, 0.029959528869772267257, , 
1.7666138641589532732, 0.029959528869772267257, , 
1.8126184697984326633, 0.049605304968650454356, , 
1.8126184697984326633, 0.049605304968650454356, , 
1.846204807027776118, 0.089103590698451640151, , 
1.846204807027776118, 0.089103590698451640151, , 
1.8898892522151062856, 0.084033698613303453584, , 
1.8898892522151062856, 0.084033698613303453584, , 
1.8876336925744308104, 0.10783596832790331987, , 
1.8876336925744308104, 0.10783596832790331987, , 
1.9355300134641324483, 0.080399418336990269296, , 
1.9355300134641324483, 0.080399418336990269296, , 
1.9244506717342011459, 0.081820812315195112774, , 
1.9244506717342011459, 0.081820812315195112774, , 
1.9601573166449104413, 0.026385990059481390091, , 
1.9601573166449104413, 0.026385990059481390091, , 
1.909970999020252691, 0.08413614190831486539, , 
1.909970999020252691, 0.08413614190831486539, , 
1.9421405033839485021, 0.0065544352035407094093, , 
1.9421405033839485021, 0.0065544352035407094093, , 
1.9612050971614138906, -0.033788950362258152182, , 
1.9612050971614138906, -0.033788950362258152182, , 
1.9290619075467170251, 0.020399415256111108619, , 
1.9290619075467170251, 0.020399415256111108619, , 
1.9309279290597873846, 0.0102958093937983719, , 
1.9309279290597873846, 0.0102958093937983719, , 
1.9743185606785675912, -0.066399296122666040532, , 
1.9743185606785675912, -0.066399296122666040532, , 
1.9205913186298002593, 0.030233931687696724566, , 
1.9205913186298002593, 0.030233931687696724566, , 
1.9909805021513415912, -0.082276465897140660388, , 
1.9909805021513415912, -0.082276465897140660388, , 
2.0004315840810669158, -0.07452127169481803648, , 
2.0004315840810669158, -0.07452127169481803648, , 
2.0220459864305961872, -0.084837447056817616442, , 
2.0575621357345514895, -0.12329024611997052574, , 
2.0220459864305961872, -0.084837447056817616442, , 
2.0575621357345514895, -0.12329024611997052574, , 
2.0710060220988193436, -0.12108512703389839871, , 
2.0710060220988193436, -0.12108512703389839871, , 
2.0335506990995364518, -0.051309575257097339573, , 
2.0335506990995364518, -0.051309575257097339573, , 
2.0588014681965627339, -0.074851160932462246222, , 
2.0588014681965627339, -0.074851160932462246222, , 
2.0660871146790449338, -0.08120992488298872658, , 
2.0660871146790449338, -0.08120992488298872658, , 
2.0660871146790449338, -0.08120992488298872658, , 
2.0660871146790449338, -0.08120992488298872658, , 
2.0810365674792796753, -0.099784919301380003986, , 
2.0810365674792796753, -0.099784919301380003986, , 
2.0660871146790449338, -0.08120992488298872658, , 
2.0660871146790449338, -0.08120992488298872658, , 
2.0857346463085582045, -0.098773985955285414917, , 
2.0857346463085582045, -0.098773985955285414917, , 
2.0878804312767318407, -0.072576978456670993012, , 
2.0878804312767318407, -0.072576978456670993012, , 
2.0582121400229400621, 0.044032104124716919813, , 
2.0582121400229400621, 0.044032104124716919813, , 
2.0380893714558161456, 0.10781498016612323099, , 
2.0380893714558161456, 0.10781498016612323099, , 
2.0749254888249488715, 0.11264666481814478161, , 
2.0749254888249488715, 0.11264666481814478161, , 
2.0693812420400101715, 0.16823782424017341697, , 
2.0693812420400101715, 0.16823782424017341697, , 
2.0846781230019955089, 0.16858513920554574206, , 
2.0846781230019955089, 0.16858513920554574206, , 
2.0403286563944074139, 0.32380168484062976653, , 
2.0403286563944074139, 0.32380168484062976653, , 
2.0754672540479526255, 0.31864258631767339303, , 
2.0754672540479526255, 0.31864258631767339303, , 
2.1822494999226185186, 0.32047831291006539933, , 
2.1822494999226185186, 0.32047831291006539933, , 
2.1949326061972564972, 0.35953755371783235883, , 
2.1949326061972564972, 0.35953755371783235883, , 
2.1801604892401194036, 0.43667234121655362777, , 
2.1801604892401194036, 0.43667234121655362777, , 
2.1918048399259522085, 0.4858220012615545591, , 
2.1918048399259522085, 0.4858220012615545591, , 
2.1962377415858731489, 0.57652031170010931138, , 
2.1962377415858731489, 0.57652031170010931138, , 
2.1876209410633018493, 0.62580650507330304322, , 
2.1876209410633018493, 0.62580650507330304322, , 
2.1800323349050962918, 0.67110015868788441828, , 
2.1800323349050962918, 0.67110015868788441828, , 
2.1900271044325840819, 0.7091557435896586048, , 
2.1900271044325840819, 0.7091557435896586048, , 
2.1915434884808213667, 0.77770000877293310459, , 
2.1915434884808213667, 0.77770000877293310459, , 
2.1775162656195377053, 0.8141430185324683988, , 
2.1775162656195377053, 0.8141430185324683988, , 
2.1902663493564196173, 0.86953399573296030756, , 
2.1902663493564196173, 0.86953399573296030756, , 
2.1994174892820952394, 0.90383695303144828692, , 
2.1994174892820952394, 0.90383695303144828692, , 
2.1854233875089534855, 0.93958138199450691452, , 
2.1854233875089534855, 0.93958138199450691452, , 
2.198156998424630526, 0.98534829296196180248, , 
2.198156998424630526, 0.98534829296196180248, , 
2.1938059636330780044, 1.0492743849675334467, , 
2.1938059636330780044, 1.0492743849675334467, , 
2.2067555759868153764, 1.0546699550364571074, , 
2.2067555759868153764, 1.0546699550364571074, , 
2.2058150481059897174, 1.0601873328461004498, , 
2.2058150481059897174, 1.0601873328461004498, , 
2.2124756550763775564, 1.0568780104959398791, , 
2.2124756550763775564, 1.0568780104959398791, , 
2.2313462516019155757, 1.0558770989280437114, , 
2.2313462516019155757, 1.0558770989280437114, , 
2.2503409451467173419, 1.0583514941174030355, , 
2.2503409451467173419, 1.0583514941174030355, , 
2.2606689105761095249, 1.0591898424177295102, , 
2.2606689105761095249, 1.0591898424177295102, , 
2.2808203153464119417, 1.0830927591397863097, , 
2.2808203153464119417, 1.0830927591397863097, , 
2.2759314549224383128, 1.1149862063852773453, , 
2.2759314549224383128, 1.1149862063852773453, , 
2.2999800693675940266, 1.1319092060610245198, , 
2.2999800693675940266, 1.1319092060610245198, , 
2.3134085569903173329, 1.1165597070497446097, , 
2.3134085569903173329, 1.1165597070497446097, , 
2.3186072867629228256, 1.1174399370938326026, , 
2.3186072867629228256, 1.1174399370938326026, , 
2.3234202321384018752, 1.1315661682577462521, , 
2.3234202321384018752, 1.1315661682577462521, , 
2.3249979205895558998, 1.1385378228956699598, , 
2.3249979205895558998, 1.1385378228956699598, , 
2.3249979205895558998, 1.1385378228956699598, , 
2.3249979205895558998, 1.1385378228956699598, , 
2.3249979205895558998, 1.1385378228956699598, , 
2.3249979205895558998, 1.1385378228956699598, , 
2.3249979205895558998, 1.1385378228956699598, , 
2.3249979205895558998, 1.1385378228956699598, , 
2.3249979205895558998, 1.1385378228956699598, , 
2.3249979205895558998, 1.1385378228956699598, , 
2.3249979205895558998, 1.1385378228956699598, , 
2.3249979205895558998, 1.1385378228956699598, , 
2.3249979205895558998, 1.1385378228956699598, , 
2.3249979205895558998, 1.1385378228956699598, , 
2.3249979205895558998, 1.1385378228956699598, , 
2.3249979205895558998, 1.1385378228956699598, , 
2.3249979205895558998, 1.1385378228956699598, , 
2.3249979205895558998, 1.1385378228956699598, , 
2.3249979205895558998, 1.1385378228956699598, , 
2.3249979205895558998, 1.1385378228956699598, , 
2.3447811202881503334, 1.2063561819386721119, , 
2.3447811202881503334, 1.2063561819386721119, , 
2.2797725587124624269, 1.1949512938987196797, , 
2.2797725587124624269, 1.1949512938987196797, , 
2.2506985360139180052, 1.2094507990495571015, , 
2.2506985360139180052, 1.2094507990495571015, , 
2.2112714983720236361, 1.1930206899390292108, , 
2.1848416886261405878, 1.2023524261275047031, , 
2.2112714983720236361, 1.1930206899390292108, , 
2.1848416886261405878, 1.2023524261275047031, , 
2.1025152607841581798, 1.186577079299075077, , 
2.1025152607841581798, 1.186577079299075077, , 
2.0538946429081690326, 1.2019982343917394729, , 
2.0538946429081690326, 1.2019982343917394729, , 
2.0398043844881410536, 1.192932394755517933, , 
2.0398043844881410536, 1.192932394755517933, , 
1.9897160730580143451, 1.1956527260979705751, , 
1.9897160730580143451, 1.1956527260979705751, , 
1.9768424626031788627, 1.1872652420058904532, , 
1.9768424626031788627, 1.1872652420058904532, , 
1.7457852414401187069, 1.2946659251006411573, , 
1.7457852414401187069, 1.2946659251006411573, , 
1.6580586825834422449, 1.2983490580004801718, , 
1.6580586825834422449, 1.2983490580004801718, , 
1.6286150308339584214, 1.2997373566380834298, , 
1.6286150308339584214, 1.2997373566380834298, , 
1.5923399119329744167, 1.2973845311115970169, , 
1.5923399119329744167, 1.2973845311115970169, , 
1.5677475511787424267, 1.2991501723061837925, , 
1.5677475511787424267, 1.2991501723061837925, , 
1.5012949169490530377, 1.3050266156450529564, , 
1.5012949169490530377, 1.3050266156450529564, , 
1.4428446722476100383, 1.3010601952496776423, , 
1.4428446722476100383, 1.3010601952496776423, , 
1.3724204651066256311, 1.2988570468812929981, , 
1.3724204651066256311, 1.2988570468812929981, , 
1.3503435822372353847, 1.3019269928683416815, , 
1.3503435822372353847, 1.3019269928683416815, , 
1.3033802185422502795, 1.3080491272694965144, , 
1.3033802185422502795, 1.3080491272694965144, , 
1.2653958317155695745, 1.3040476664429208054, , 
1.2653958317155695745, 1.3040476664429208054, , 
1.2176548531447528578, 1.30851129751651718, , 
1.2176548531447528578, 1.30851129751651718, , 
1.182872457549224432, 1.3072886131550711664, , 
1.182872457549224432, 1.3072886131550711664, , 
1.0939729898108865314, 1.3032971220472648888, , 
1.0939729898108865314, 1.3032971220472648888, , 
1.0407714736560984559, 1.3158854889366899954, , 
1.0407714736560984559, 1.3158854889366899954, , 
0.95923914475254024037, 1.309304093178488948, , 
0.95923914475254024037, 1.309304093178488948, , 
0.89544870722438829613, 1.3158271081715664508, , 
0.89544870722438829613, 1.3158271081715664508, , 
0.84609279511974955224, 1.3156172441603048995, , 
0.84609279511974955224, 1.3156172441603048995, , 
0.75924544744526423212, 1.3125233596295899918, , 
0.75924544744526423212, 1.3125233596295899918, , 
0.73959551028281422802, 1.3086585720031009838, , 
0.6941554605077114859, 1.3161986052300385097, , 
0.73959551028281422802, 1.3086585720031009838, , 
0.6941554605077114859, 1.3161986052300385097, , 
0.62099277393064900021, 1.3203936700407039595, , 
0.62099277393064900021, 1.3203936700407039595, , 
0.60484039886116225393, 1.3107167612976535764, , 
0.60484039886116225393, 1.3107167612976535764, , 
0.58364450551729418759, 1.3073727395641374649, , 
0.58364450551729418759, 1.3073727395641374649, , 
0.55326122435299907032, 1.3201140717038299943, , 
0.55326122435299907032, 1.3201140717038299943, , 
0.53030692938313006568, 1.3016536317540992052, , 
0.53030692938313006568, 1.3016536317540992052, , 
0.50825169781512036238, 1.3189302429790104032, , 
0.50825169781512036238, 1.3189302429790104032, , 
0.49456190616868933585, 1.305112771355148471, , 
0.49456190616868933585, 1.305112771355148471, , 
0.47230348026724439103, 1.3030702147407922098, , 
0.47230348026724439103, 1.3030702147407922098, , 
0.43787207097609542883, 1.2985575563405378219, , 
0.43787207097609542883, 1.2985575563405378219, , 
0.4184352364234710242, 1.3042630195508546631, , 
0.4184352364234710242, 1.3042630195508546631, , 
0.41088159471759544417, 1.303891424465619675, , 
0.41088159471759544417, 1.303891424465619675, , 
0.38269068051955734688, 1.3190775847507127949, , 
0.38269068051955734688, 1.3190775847507127949, , 
0.34582820377021045166, 1.3085028079897731423, , 
0.34582820377021045166, 1.3085028079897731423, , 
0.33971487429520530466, 1.3157130069266673722, , 
0.33971487429520530466, 1.3157130069266673722, , 
0.30752852336443559089, 1.3076102635703896748, , 
0.30752852336443559089, 1.3076102635703896748, , 
0.31317752900730710941, 1.3172837940146993052, , 
0.31317752900730710941, 1.3172837940146993052, , 
0.30959939656229173988, 1.3272288577091531092, , 
0.30959939656229173988, 1.3272288577091531092, , 
0.31347936969235434823, 1.338857086030156518, , 
0.31347936969235434823, 1.338857086030156518, , 
0.30979964978948326682, 1.361272278193447649, , 
0.30979964978948326682, 1.361272278193447649, , 
0.30325968337305209133, 1.3579054371543834989, , 
0.30236624971493608616, 1.3748609665110025357, , 
0.30325968337305209133, 1.3579054371543834989, , 
0.30236624971493608616, 1.3748609665110025357, , 
0.29341642027099079648, 1.3855649858018925791, , 
0.29341642027099079648, 1.3855649858018925791, , 
0.27923506772663497788, 1.4046966746019735606, , 
0.27923506772663497788, 1.4046966746019735606, , 
0.26320054646475093962, 1.3938413216353673363, , 
0.26320054646475093962, 1.3938413216353673363, , 
0.26087196045828719981, 1.431701369881616781, , 
0.26087196045828719981, 1.431701369881616781, , 
0.23491579418891805897, 1.4409154675380535515, , 
0.23491579418891805897, 1.4409154675380535515, , 
0.22791642349126378653, 1.4523108581938193318, , 
0.22791642349126378653, 1.4523108581938193318, , 
0.22425058768024141997, 1.4648312740836586521, , 
0.22425058768024141997, 1.4648312740836586521, , 
0.18863751719183141642, 1.4571367948426854344, , 
0.18863751719183141642, 1.4571367948426854344, , 
0.1811225573235826225, 1.4617224376950928022, , 
0.1811225573235826225, 1.4617224376950928022, , 
0.18524028984888868399, 1.4709080629466315671, , 
0.18524028984888868399, 1.4709080629466315671, , 
0.18524028984888868399, 1.4709080629466315671, , 
0.18524028984888868399, 1.4709080629466315671, , 
0.18076068479815338153, 1.4696464449983968059, , 
0.18076068479815338153, 1.4696464449983968059, , 
0.18076068479815338153, 1.4696464449983968059, , 
0.18076068479815338153, 1.4696464449983968059, , 
0.18076068479815338153, 1.4696464449983968059, , 
0.18076068479815338153, 1.4696464449983968059, , 
0.17844819201492201355, 1.4285721024930160272, , 
0.17844819201492201355, 1.4285721024930160272, , 
0.18611787430371046215, 1.3553993308414775676, , 
0.18611787430371046215, 1.3553993308414775676, , 
0.19027917139892891463, 1.2614185822283483507, , 
0.19027917139892891463, 1.2614185822283483507, , 
0.19110130980881456786, 1.1400325763547403124, , 
0.19110130980881456786, 1.1400325763547403124, , 
0.18304020858523939452, 1.0889245980575348316, , 
0.18304020858523939452, 1.0889245980575348316, , 
0.20659273517492837691, 1.0753020050603241398, , 
0.20659273517492837691, 1.0753020050603241398, , 
0.19962572153512470052, 1.0309370447749774957, , 
0.19962572153512470052, 1.0309370447749774957, , 
0.18198374961643604131, 0.99575200876544922579, , 
0.18198374961643604131, 0.99575200876544922579, , 
0.21284331414629642509, 0.93396271507521455568, , 
0.21284331414629642509, 0.93396271507521455568, , 
0.20753506339495242372, 0.84163896930445281086, , 
0.20753506339495242372, 0.84163896930445281086, , 
0.19150872601231982983, 0.75706727022290487561, , 
0.19150872601231982983, 0.75706727022290487561, , 
0.19229311718030617229, 0.74188312241423837179, , 
0.19229311718030617229, 0.74188312241423837179, , 
0.19635988298741979818, 0.72591104230455427704, , 
0.19635988298741979818, 0.72591104230455427704, , 
0.19769381678816433379, 0.68240398730857187992, , 
0.19769381678816433379, 0.68240398730857187992, , 
0.18340067658348480073, 0.60263510566171762939, , 
0.18340067658348480073, 0.60263510566171762939, , 
0.18147787690156103046, 0.58129058043690085, , 
0.18147787690156103046, 0.58129058043690085, , 
0.18035017894025862084, 0.51275388100242325073, , 
0.19513352035952058472, 0.44647513074279671086, , 
0.18035017894025862084, 0.51275388100242325073, , 
0.19513352035952058472, 0.44647513074279671086, , 
0.17144829936489447419, 0.35889361079384413111, , 
0.17144829936489447419, 0.35889361079384413111, , 
0.18643406368855797162, 0.32586792273497805494, , 
0.18643406368855797162, 0.32586792273497805494, , 
0.1726217440952506621, 0.29254153297283941315, , 
0.1726217440952506621, 0.29254153297283941315, , 
0.17979602029266850138, 0.28423265386641533015, , 
0.17979602029266850138, 0.28423265386641533015, , 
0.17888421588009606467, 0.23823924488051662074, , 
0.17888421588009606467, 0.23823924488051662074, , 
0.15594942369150399664, 0.21013461871051691832, , 
0.15594942369150399664, 0.21013461871051691832, , 
0.16601660123921746504, 0.19443638365481175079, , 
0.16601660123921746504, 0.19443638365481175079, , 
0.15601779633022871963, 0.13640729502396226058, , 
0.15601779633022871963, 0.13640729502396226058, , 
0.16503728482253920973, 0.12121486744177006889, , 
0.16503728482253920973, 0.12121486744177006889, , 
0.16714184648821617252, 0.11282955738960070979, , 
0.16714184648821617252, 0.11282955738960070979, , 
0.16916030208298793447, 0.11960973973048744101, , 
0.16916030208298793447, 0.11960973973048744101, , 
0.1450361102218071796, 0.1198015286729310902, , 
0.1450361102218071796, 0.1198015286729310902, , 
0.12387449358080582229, 0.11850160086927957748, , 
0.12387449358080582229, 0.11850160086927957748, , 
0.11209736155363247967, 0.11668085080149981358, , 
0.11209736155363247967, 0.11668085080149981358, , 
0.11365690882528989292, 0.11721844843882806009, , 
0.11365690882528989292, 0.11721844843882806009, , 
0.095420380909540414294, 0.11178455093860090175, , 
0.095420380909540414294, 0.11178455093860090175, , 
0.082810886090614044264, 0.10568409082878260641, , 
0.082810886090614044264, 0.10568409082878260641, , 
0.058788577043490164442, 0.092761985849692862871, , 
0.058788577043490164442, 0.092761985849692862871, , 
0.040793412981948939944, 0.069539488350587597143, , 
0.040793412981948939944, 0.069539488350587597143, , 
0.035063315176445675192, 0.060329367354745977448, , 
0.035063315176445675192, 0.060329367354745977448, , 
0.020759325398793215811, 0.035196720571489759077, , 
0.020759325398793215811, 0.035196720571489759077, , 
0.023848957782353519264, 0.02378696380893557949, , 
0.023848957782353519264, 0.02378696380893557949, , 
0.0207787967974315535, 0.005736164611708782779, , 
0.0207787967974315535, 0.005736164611708782779, , 
0.027843125738144847148, -0.0015753386766675925301, , 
0.027843125738144847148, -0.0015753386766675925301, , 
0.0049544489177213435482, -0.0083838202740417755443, , 
0.02133923291284300916, -0.0054350009967365497943, , 
0.0049544489177213435482, -0.0083838202740417755443, , 
0.02133923291284300916, -0.0054350009967365497943, , 
0.025755614667122062045, -0.0098689518456399893953, , 
0.025755614667122062045, -0.0098689518456399893953, , 
0.025755614667122062045, -0.0098689518456399893953, , 
0.025755614667122062045, -0.0098689518456399893953, , 
