# /target_pose/position/x, /target_pose/position/y, /robot_pose/position/x, /robot_pose/position/y
0, 1.1102230246251565404e-16, , 
0, 1.1102230246251565404e-16, , 
0, 1.1102230246251565404e-16, , 
0, 1.1102230246251565404e-16, , 
0, 1.1102230246251565404e-16, , 
0, 1.1102230246251565404e-16, , 
0, 1.1102230246251565404e-16, , 
0, 1.1102230246251565404e-16, , 
0, 1.1102230246251565404e-16, , 
0, 1.1102230246251565404e-16, , 
0, 1.1102230246251565404e-16, , 
0, 1.1102230246251565404e-16, , 
0, 1.1102230246251565404e-16, , 
0, 1.1102230246251565404e-16, , 
0, 1.1102230246251565404e-16, , 
0, 1.1102230246251565404e-16, , 
0, 1.1102230246251565404e-16, , 
0, 1.1102230246251565404e-16, , 
0, 1.1102230246251565404e-16, , 
0, 1.1102230246251565404e-16, , 
0, 1.1102230246251565404e-16, , 
0, 1.1102230246251565404e-16, , 
0, 1.1102230246251565404e-16, , 
0, 1.1102230246251565404e-16, , 
0, 1.1102230246251565404e-16, , 
0, 1.1102230246251565404e-16, , 
0, 1.1102230246251565404e-16, , 
0, 1.1102230246251565404e-16, , 
0, 1.1102230246251565404e-16, , 
0, 1.1102230246251565404e-16, , 
0, 1.1102230246251565404e-16, , 
0, 1.1102230246251565404e-16, , 
0, 1.1102230246251565404e-16, , 
0, 1.1102230246251565404e-16, , 
0, 1.1102230246251565404e-16, , 
0, 1.1102230246251565404e-16, , 
0, 1.1102230246251565404e-16, , 
0, 1.1102230246251565404e-16, , 
0, 1.1102230246251565404e-16, , 
0, 1.1102230246251565404e-16, , 
0, 1.1102230246251565404e-16, , 
0, 1.1102230246251565404e-16, , 
0, 1.1102230246251565404e-16, , 
0, 1.1102230246251565404e-16, , 
0.0039333069889663230256, -0.0031849150285163663199, , 
0.037134486656640375291, 0.015108164096089060635, , 
0.072410815372806525136, 0.0077367208498017037144, , 
0.11482571366334881624, 0.00045500268920439790321, , 
0.16692315340890256925, 0.0059516414493046010392, , 
0.22346388236357089818, 0.0035843275310151190283, , 
0.24521287507159922336, 0.0074969605827813756704, , 
0.31437491156326863306, 0.0082848586222999953677, , 
0.39900480665093202015, 0.011694571217187199608, , 
0.44628732615010729967, 0.0213631590828272655, , 
0.48597510084211265058, 0.020908807224118031165, , 
0.53082959425018683142, 0.023060943875715778084, , 
0.53427708195461653951, 0.011607742274340693278, , 
0.5837384391631004199, 0.01514640635834163529, , 
0.6155192895814234344, 0.023376140513832299739, , 
0.70524425739596052765, 0.025199116338157412365, , 
0.74731946572906937654, 0.036531792456772849143, , 
0.76335387332280890682, 0.017403025527283344509, , 
0.82586531858440626053, 0.033359551874303172703, , 
0.87712597896251920382, 0.036707162058613018729, , 
0.92728100803262170082, 0.029609104108463180083, , 
0.98364382211888834462, 0.037023802141253780995, , 
1.0337571762846085033, 0.084219115178419734491, , 
1.1065825720259589993, 0.092355974074985081046, , 
1.1328631210905129034, 0.060167365118018789616, , 
1.2204771294835989881, 0.039148142822490683557, , 
1.2497104294866701046, 0.1008054295468681083, , 
1.3339216870570389517, 0.034639422851148626847, , 
1.3443130898905444326, 0.072725848790614389117, , 
1.3903643538488468234, 0.08393200248321175394, , 
1.4697814802709729953, 0.033238294963457093445, , 
1.5387236994704474036, 0.086445632455539378469, , 
1.5902704795634636792, 0.061516821886180128587, , 
1.6464452541071041836, 0.092492412862027695297, , 
1.6755596309355622608, 0.075212380543201007299, , 
1.7358025120895617111, 0.10016396671341132318, , 
1.8415384502472482708, 0.094574996792322174599, , 
1.9098612493085633801, 0.026001577337021242187, , 
1.9182337316856581388, 0.066949334902804302772, , 
1.9301164725612274253, 0.079337015695218227052, , 
1.9325331558375675733, 0.12369136143079684231, , 
1.9853325726673136664, 0.090487669967449502195, , 
1.993223932818300792, 0.13560796869770230799, , 
2.077332213748309897, 0.022389733840531889086, , 
2.0609090798494875685, 0.11567360756470845828, , 
2.137908206611064621, 0.024680319849574861024, , 
2.1125373801586100342, 0.11229039952779462652, , 
2.1998756980089289037, 0.035561721420038772123, , 
2.174929733261542264, 0.094821833443268666031, , 
2.1565099844948067975, 0.11221358590599184168, , 
2.1871235741947199216, 0.068647146089624744292, , 
2.1591313782696519574, 0.10119778635981591108, , 
2.1879138219273466248, 0.040133086315269128619, , 
2.1999661564061754326, -0.014413214757434733571, , 
2.1572392269375435525, 0.046094293691355314735, , 
2.2009982606267861627, -0.011512222177412656521, , 
2.1931403702520859689, -0.0071542037746201714299, , 
2.1915927577381246749, -0.0083213971918341123057, , 
2.1965386340008832278, -0.013029699158817464877, , 
2.2298719599874097241, -0.060966723803310696184, , 
2.2477674931451909757, -0.085223593568156008615, , 
2.2865774326205281497, -0.14530842149009748354, , 
2.2848391436858470627, -0.1242336571937765477, , 
2.27870994579152919, -0.1164958707196031007, , 
2.2512716956667775392, -0.049968196580408186236, , 
2.3031959292352208735, -0.12198414869059259757, , 
2.2903429801548691458, -0.081300129783564489827, , 
2.2933285143041208798, -0.078378280011202061672, , 
2.2969859076816412369, -0.06396166384149992723, , 
2.3215311903622946055, -0.095510745075662928372, , 
2.3521924667235469819, -0.14044793859349491427, , 
2.3163094027243213979, -0.077871343810480109227, , 
2.3163094027243213979, -0.077871343810480109227, , 
2.3163094027243213979, -0.077871343810480109227, , 
2.3163094027243213979, -0.077871343810480109227, , 
2.3020799247520371544, -0.057236209316047226281, , 
2.3448153242746343494, -0.10542268514723929229, , 
2.3143883226398309638, -0.042569301640009715726, , 
2.3404098746565025202, 0.0015097745237193649359, , 
2.3466052816811457937, 0.0078751290631986492485, , 
2.3384968762858893143, 0.057304524157872016588, , 
2.3399429175380652701, 0.078127695447260503414, , 
2.3129733166684789403, 0.16347304654957328651, , 
2.3175907543815355005, 0.20329229519087865796, , 
2.3137428550725287479, 0.22976531446806491843, , 
2.2698940026579337292, 0.32790119868852674045, , 
2.3245809644560972984, 0.27731971100056940216, , 
2.3321385467543422898, 0.29113965085088944207, , 
2.3676722735745192594, 0.1967475451848737511, , 
2.3766993834518768125, 0.24762664405503836962, , 
2.3680671954156484738, 0.31237315023058176422, , 
2.3714579781025229011, 0.40559584750949934095, , 
2.3841630698034914637, 0.42344226634581494384, , 
2.3721935784913030787, 0.47424360522592240441, , 
2.3956121439388473604, 0.51125588135494959285, , 
2.3958020641782544757, 0.53142953278594329269, , 
2.3862871630110924492, 0.60125841627884146767, , 
2.3878825579070284135, 0.63013511776558694955, , 
2.3863237754457857775, 0.69762647196899807422, , 
2.3869723508922855437, 0.75465602862206493384, , 
2.3949286575553840883, 0.80808893721813790378, , 
2.398875564857098297, 0.8460003969032088289, , 
2.3933799816601997179, 0.86808878759636542988, , 
2.4101856538265851171, 0.87263207418376542712, , 
2.3979062935985866467, 0.9350919136106413676, , 
2.4008934179607055448, 0.96179433103222178314, , 
2.3923268382655886732, 0.9979260799961084949, , 
2.4022827649876146161, 0.99448049130603721757, , 
2.4023795980629314428, 1.0458934108143616015, , 
2.4169865973095747691, 1.0448704478289421171, , 
2.4036250542005643815, 1.0586326503182676984, , 
2.4010514748052433909, 1.0594178898524082566, , 
2.4055167589081229984, 1.0532354044918772473, , 
2.4055167589081229984, 1.0532354044918772473, , 
2.4055167589081229984, 1.0532354044918772473, , 
2.4070836864936171473, 1.0505474631278044484, , 
2.4357501239269199189, 1.0486683778539183098, , 
2.4432809322503734606, 1.0617699805718785466, , 
2.4394061516153286995, 1.0807210807351996795, , 
2.4538050580794084077, 1.0699615893606997385, , 
2.4704863508621834889, 1.0702701147913611379, , 
2.4634881362636029678, 1.1046859031677658258, , 
2.5044694035811647659, 1.074561147264807115, , 
2.5106281700955914715, 1.0859263745128757694, , 
2.5201035624289178649, 1.0991015762799345445, , 
2.5343703813864908447, 1.0978541614388883652, , 
2.541274026409812592, 1.1036445846023421602, , 
2.5429070310300585511, 1.1252323921029454556, , 
2.539480758465768595, 1.1466207326949084955, , 
2.5467227692726766008, 1.152894613917331057, , 
2.5559410856070563511, 1.1433077220845460076, , 
2.5533105298267209093, 1.1627182149792090193, , 
2.5508544075358843273, 1.1731204642006043404, , 
2.5478818562092415689, 1.1869321248142463698, , 
2.5552327712260463066, 1.1699700651868811807, , 
2.5585318104288363728, 1.1664393437162001721, , 
2.5557003740254251589, 1.1742276025002040818, , 
2.5585318104288363728, 1.1664393437162001721, , 
2.5557003740254251589, 1.1742276025002040818, , 
2.539932799369345684, 1.1978201616140400354, , 
2.5148414070937246123, 1.1874971037152153297, , 
2.4976033499837395624, 1.1913567780300005072, , 
2.4322316065986218092, 1.1795530675952294875, , 
2.4087529536975038624, 1.1865663268787720597, , 
2.3270400598863063557, 1.2064496471700882907, , 
2.2936958665635467369, 1.1916024120622505933, , 
2.2547697628557017424, 1.187023126288021313, , 
2.2016956828976983473, 1.198134505217048229, , 
2.1727836615352442706, 1.1873346751203910365, , 
2.1320334199907375883, 1.1879741185356258448, , 
1.9369528699095646118, 1.351407480871611444, , 
1.8939999272152179266, 1.3531336846429726783, , 
1.8487270694471988897, 1.3571240439134024669, , 
1.7978125424181921055, 1.3649265761518294404, , 
1.7227103662326335165, 1.3711960053145255678, , 
1.7189966224287722696, 1.3542185986735846281, , 
1.6903235098776940859, 1.3622870748820323783, , 
1.6174451254742474582, 1.3791017025369984861, , 
1.5991263700021534078, 1.3736648305100553902, , 
1.5642132338210816833, 1.3686091388402310542, , 
1.5393775222069472353, 1.3694019668396242295, , 
1.471785726098354008, 1.3678619319245635122, , 
1.4234562783466622182, 1.3721095316544666964, , 
1.3758468729404023101, 1.3820396128410272762, , 
1.3546500366082900868, 1.360235160508417529, , 
1.2788921683059011336, 1.3737931189371397345, , 
1.2047175455795120502, 1.3793422919549791494, , 
1.1442407446805662463, 1.3729851021326997529, , 
1.1021907309827150279, 1.3687703829085995366, , 
1.0362554913821075964, 1.3773574828903374367, , 
0.99491086360933023158, 1.3793165370485953591, , 
0.94525220232258300168, 1.3671647283519758886, , 
0.88082505713953196391, 1.3679385434360100682, , 
0.83089664210875813222, 1.3595227275534746969, , 
0.78677340597873990369, 1.3593067579183932825, , 
0.76889855509267468481, 1.3800822114783835026, , 
0.72608626750386584536, 1.3816849820211776212, , 
0.66716852984010666106, 1.3824381345421226097, , 
0.64675777118339117244, 1.3931651207951514237, , 
0.59352701993297884986, 1.362134354092346511, , 
0.55033660635731007638, 1.3778692979853126577, , 
0.53449354753750166758, 1.3630058449141078114, , 
0.51624364277381962207, 1.3793673951777112308, , 
0.50532315151739992665, 1.3735785938144207119, , 
0.47337471855459328784, 1.3721002261122181576, , 
0.45455418589861845691, 1.3745396615816436459, , 
0.42797909257714950026, 1.3878295872065249394, , 
0.39623066427295855485, 1.3734015585976515617, , 
0.38666756147305980651, 1.3730220311568925862, , 
0.36266329568447286391, 1.38619294030469975, , 
0.33323736176515084129, 1.3691561145225832341, , 
0.3095632806356388711, 1.3833660439640220741, , 
0.30908953916013814922, 1.3644118202234460924, , 
0.31734486256592503439, 1.3839703324646737137, , 
0.32128112638552641656, 1.3888777999933141771, , 
0.31830727234752764776, 1.3822016353362407415, , 
0.32646046334128109301, 1.4021538433692086745, , 
0.32190702376019103559, 1.4077574112071187251, , 
0.31852901417030576869, 1.425040443625374964, , 
0.31195983640299895789, 1.428166161856285532, , 
0.3069906190562426973, 1.4431281426751467745, , 
0.2952645467591469286, 1.4512053072821520239, , 
0.28907879364498856312, 1.4536380855803157086, , 
0.28028186180469627509, 1.4612710340593630942, , 
0.26214256897644150346, 1.4448531953044936316, , 
0.26686193497107280059, 1.4757903835766150724, , 
0.26428564444459168303, 1.4831220690287749697, , 
0.2569021585009964026, 1.4910785409901712306, , 
0.24273808436710564429, 1.5033549149866796135, , 
0.23201802831318230069, 1.4996248848432038869, , 
0.22883633008477988202, 1.5089959644411221618, , 
0.22577516031436573041, 1.5155239631425230229, , 
0.21776314732839552324, 1.5255182240912579239, , 
0.21136649798197171268, 1.526716607040718765, , 
0.19187628990304950172, 1.5196185960716173113, , 
0.18609631061432774235, 1.5200647492963572649, , 
0.1857915137051461274, 1.5213396984404223833, , 
0.1857915137051461274, 1.5213396984404223833, , 
0.19462415496545570903, 1.5350868532736958727, , 
0.19462415496545570903, 1.5350868532736958727, , 
0.19462415496545570903, 1.5350868532736958727, , 
0.19462415496545570903, 1.5350868532736958727, , 
0.18260556780860570658, 1.5181633607227387195, , 
0.19958142295863312565, 1.5268848012364684141, , 
0.18902525972041206437, 1.4980482033150817056, , 
0.18140510403825282904, 1.4519480104796576025, , 
0.1874516102656941241, 1.438347812759468658, , 
0.19313045282742669073, 1.3754292362330622357, , 
0.19349440070995793661, 1.3268640955657948766, , 
0.19160023826549510417, 1.2569850769141384106, , 
0.18957677402751649254, 1.1955368325111139782, , 
0.18804952513237571665, 1.1080266478530029772, , 
0.17491308287090945317, 1.0358149740853341836, , 
0.15679514256916077253, 0.93872383772960643622, , 
0.15553912845686418409, 0.86523195866525604014, , 
0.16726360260839945315, 0.85625778952689823864, , 
0.15334017243034681055, 0.76749840860543760979, , 
0.14916213961942981214, 0.68839412322672888234, , 
0.1526735393614275238, 0.60728325989222786685, , 
0.1552311272458768987, 0.57398268610968761205, , 
0.15485729597629133147, 0.50917852308153077612, , 
0.14837348136104100416, 0.46139438189065884455, , 
0.15190955518439142047, 0.42680894159953253197, , 
0.15081054167143242983, 0.38948166263383565688, , 
0.15107347946746124689, 0.36989062151552687396, , 
0.16017942658224021413, 0.36220545640935852827, , 
0.15008490544730407334, 0.32219483419904215715, , 
0.14979799609440308528, 0.27669370017237870929, , 
0.14875784288104260122, 0.26816164625972105373, , 
0.15149373315945896534, 0.23832518803503144333, , 
0.15133648696161877689, 0.21804895885709074665, , 
0.15588984656602494772, 0.21141357169039676211, , 
0.15561777216493893894, 0.17529975673017561544, , 
0.1449729670565900741, 0.13975056807773611478, , 
0.15288474212649066919, 0.16593915875683618033, , 
0.15023843190069902098, 0.15573521237719312182, , 
0.15023843190069902098, 0.15573521237719312182, , 
0.15023843190069902098, 0.15573521237719312182, , 
0.15023843190069902098, 0.15573521237719312182, , 
0.14441965200858802865, 0.1480152400006646829, , 
0.14664107551049154754, 0.1597218477501726186, , 
0.1364794426964074936, 0.16897124807231556076, , 
0.13017745367294358827, 0.16909134587911278658, , 
0.10636422727813593658, 0.18027272035172736686, , 
0.090961188216341970492, 0.1589831995262673825, , 
0.076363379779133433445, 0.15625931805687442999, , 
0.072933280968562663737, 0.14921734164866695682, , 
0.058534581487722003867, 0.14926478453297920002, , 
0.047291002455076891486, 0.13192732236112869604, , 
0.04262331175571754116, 0.13231784373589239312, , 
0.028039020336700692937, 0.10487809695970429225, , 
0.022923966015596541901, 0.10115828697616335852, , 
0.017968142351345028906, 0.084968057089558457484, , 
0.012873983005160793969, 0.070713220695165168728, , 
0.0094877645539401256336, 0.054288539128550583612, , 
0.0073720773735524436354, 0.042942548768995947306, , 
0.0073720773735524436354, 0.042942548768995947306, , 
0.0072774737051210514061, 0.034815013677120587587, , 
0.0048665897208714503641, 0.032238444713247882412, , 
0.0048665897208714503641, 0.032238444713247882412, , 
0.0066723057532884211263, 0.033447795048812678509, , 
0.0066723057532884211263, 0.033447795048812678509, , 
0.0066723057532884211263, 0.033447795048812678509, , 
0.0066723057532884211263, 0.033447795048812678509, , 
0.0066723057532884211263, 0.033447795048812678509, , 
0.0066723057532884211263, 0.033447795048812678509, , 
0.0066723057532884211263, 0.033447795048812678509, , 
0.0066723057532884211263, 0.033447795048812678509, , 
0.0066723057532884211263, 0.033447795048812678509, , 
0.0066723057532884211263, 0.033447795048812678509, , 
0.0066723057532884211263, 0.033447795048812678509, , 
0.016574739523074810688, 0.035136820266946311442, , 
0.029326548635502491802, 0.041375123411045988675, , 
0.050136861292928214251, 0.022614541426165035709, , 
0.1060602500864959441, 0.038660277213878657676, , 
0.16925141679539618123, 0.036299319877260649569, , 
0.20176049475770568842, 0.030015566354119505021, , 
0.2337587323339062606, 0.041902047302161071762, , 
0.29556027634821374628, 0.041213694992049632049, , 
0.3402070311796451807, 0.043593775702476245115, , 
0.4058043134191486323, 0.045371967897220533139, , 
0.46848888084797996045, 0.048522467073648489766, , 
0.53325977170766236668, 0.045342496074485816315, , 
0.57620455493927358326, 0.044090561392402860541, , 
0.62164944872229832562, 0.0459076545866704544, , 
0.68002681124172537075, 0.043568895000645535553, , 
0.74725449282691158714, 0.048390008786666993679, , 
0.81092668642261100942, 0.044575792009107551017, , 
0.89937428771972527386, 0.055600561149926508442, , 
0.95500761196995909152, 0.063073249226003547108, , 
0.99093560180946282934, 0.057650165273878006822, , 
1.0449657881004152937, 0.070331450578340781732, , 
1.0861315771733894842, 0.099456278564828970445, , 
1.1325299684004126455, 0.068619581206286639485, , 
1.1893795790678627355, 0.067241668245338281906, , 
1.2548801158048157323, 0.088207733404303656499, , 
1.2702196431176477898, 0.11638641570705354766, , 
1.3281572628595887942, 0.092312774518001017299, , 
1.348749156692824247, 0.092363997504651518256, , 
1.4217429425125160947, 0.088204633720387004558, , 
1.4728436297338340921, 0.067697426426516660314, , 
1.5245056563713501596, 0.040225544319943740135, , 
1.5169145969563149201, 0.11870078372753090079, , 
1.6003998724541026455, 0.14308655750575116627, , 
1.6536399760086892829, 0.11411092631981212264, , 
1.7387876815579366152, 0.03096040653169751522, , 
1.7611402986591653264, 0.072283087027168679839, , 
1.793038338303892143, 0.096732081835175787177, , 
1.8602882604349395557, 0.050434969281390351625, , 
1.8767522399284652934, 0.076731636684484350042, , 
1.8772133637367449666, 0.12979250348950222005, , 
1.945162590578592976, 0.088365306070453453202, , 
1.9295309828739011238, 0.13168268526503190685, , 
1.9786435743182280156, 0.10256985838984622461, , 
1.9964340266038216321, 0.091832971837859656006, , 
2.0096623225759153719, 0.10501313061053041409, , 
2.020272477831495106, 0.12427543291368525757, , 
2.038726834005307964, 0.13049956701398546244, , 
2.0921722825833448667, 0.078170614811053251714, , 
2.1150330423679886138, 0.075608237160073255012, , 
2.15271211980822752, 0.052370638964529536707, , 
2.1473244467057130969, 0.10071452722998808227, , 
2.1896450339321615886, 0.043013222896025382624, , 
2.1558878823736269403, 0.090293036513891422601, , 
2.1360173910534703268, 0.11850922884948911218, , 
2.1613785867752985936, 0.083750622395946550114, , 
2.1613785867752985936, 0.083750622395946550114, , 
2.1845874049838318598, 0.038181880481819252537, , 
2.1737927366215328284, 0.03312284184647351637, , 
2.1436606134927105316, 0.05851906439703968843, , 
2.1412720816888377584, 0.057347683723207421025, , 
2.1801856003846578069, -0.0078588508117083399895, , 
2.1878631063251545719, -0.028743586022964784377, , 
2.168232093436939234, 0.0029108364769476757772, , 
2.1830061785906851313, -0.016662524133985279207, , 
2.2536781650134849464, -0.11910178313939434602, , 
2.2565508052281457729, -0.11880617346155375458, , 
2.2371736687852830094, -0.081756722728099973097, , 
2.24506648043436563, -0.086632522709282344664, , 
2.2556138048287532882, -0.09543635450022769362, , 
2.2638464602868166864, -0.1042011339102946188, , 
2.2463139531412985583, -0.059422974451360577319, , 
2.2865355959503110839, -0.093711786950861686307, , 
2.2729474575114512191, -0.051983294035612193085, , 
2.3271272621084175825, -0.12773621303367166391, , 
2.2843583735125649881, -0.058105318272783978983, , 
2.2843583735125649881, -0.058105318272783978983, , 
2.2843583735125649881, -0.058105318272783978983, , 
2.2843583735125649881, -0.058105318272783978983, , 
2.2778812890419786186, -0.044981003642420080979, , 
2.2966805637384011263, -0.039197535921133397352, , 
2.3163290167151182608, 0.01332921923058494329, , 
2.274218221458706779, 0.14418124462195613944, , 
2.2889230079468645407, 0.1853062440015489365, , 
2.274268683425722859, 0.25099049914420179519, , 
2.2680947588179733998, 0.32323405497622603733, , 
2.3071922126642157025, 0.29543282776345680674, , 
2.2838841068518487276, 0.36730778217438819766, , 
2.3648250901692620118, 0.25363006265148058116, , 
2.3467108312514057822, 0.3312816464585312537, , 
2.3647736649234305517, 0.36975924361046696998, , 
2.3692141288679442468, 0.4077171062998565243, , 
2.3698707904199229901, 0.45812680270559369422, , 
2.36447774818529588, 0.50416444960920592244, , 
2.3844553227822458119, 0.53607955049510358503, , 
2.3731332798665838446, 0.58563306958563299265, , 
2.3647233599659962522, 0.64336875957394834558, , 
2.3767859139736144947, 0.67822769955745643156, , 
2.3827384349839046962, 0.73956927440196051915, , 
2.3692165141391754446, 0.7779254341579113774, , 
2.3773952605464154786, 0.78522394776251025483, , 
2.376096218460757914, 0.79817431265712057709, , 
2.3781079365189787822, 0.83620474342878747809, , 
2.3794730057032236203, 0.86519417844214974167, , 
2.3785105694930859244, 0.89310100410393200576, , 
2.3884275253852771392, 0.91655323690847811946, , 
2.3884298727229591464, 0.93837173492919934148, , 
2.3887008529310138627, 0.97245205687555524854, , 
2.3843005212898096268, 1.0111525684636553102, , 
2.3805658488995495858, 1.0485871809094693408, , 
2.3890330229296039555, 1.0356167121758257377, , 
2.3965639278475667773, 1.0362544273969918063, , 
2.4023217579798306076, 1.0408623227299396152, , 
2.405622219359401015, 1.0528959521622749396, , 
2.433729874635541357, 1.0365797678574786289, , 
2.4301713221645711016, 1.0619490643497027094, , 
2.4439917293189221681, 1.0538902805504368754, , 
2.4433176595042711554, 1.0862950444379999571, , 
2.4555787707972940304, 1.0831269855313028216, , 
2.4893075868953444818, 1.0619052137888549403, , 
2.4914682871601256942, 1.0775110572960930888, , 
2.4990295072909574081, 1.0728217676609548281, , 
2.5118957544628246481, 1.0851235063538313685, , 
2.5197583183250014116, 1.1194148806990680267, , 
2.5297407944064231877, 1.1165924516321270588, , 
2.5148748638336004824, 1.151842747881359097, , 
2.5304632885834856815, 1.1487295772524266368, , 
2.5343617935652869022, 1.1597943407098869617, , 
2.5390314272610030599, 1.1620136780146004263, , 
2.5437919727568263362, 1.1602357910932041829, , 
2.5440707906589974385, 1.1602413143218064384, , 
2.5395190392734066087, 1.1721966307409945607, , 
2.5407322599912531835, 1.1698668890838763712, , 
2.5300570645187425711, 1.166553133498473116, , 
2.4826904831216962677, 1.1649804679591850842, , 
2.4319162302153163324, 1.1764517710590403077, , 
2.3832579724684452849, 1.1877903986061477681, , 
2.2754507188162165221, 1.1801178217777699153, , 
2.2333239805804883105, 1.1841592105016407466, , 
2.1910130882486931192, 1.1808027408313064299, , 
2.1171255888507278797, 1.196706867546592612, , 
2.0464146569495524908, 1.2040341887895111839, , 
1.8707560095777107101, 1.367924134868099717, , 
1.8363182323505067295, 1.3556299417154240583, , 
1.7902455488261352912, 1.3613884992356790615, , 
1.7358769653249541687, 1.3483870695568294096, , 
1.6883693647027024909, 1.3527027158252415973, , 
1.6291659536967233457, 1.3759561603237748795, , 
1.5860843983193997353, 1.3706240205868320814, , 
1.5122980486037764791, 1.3605148465248222411, , 
1.4651216703698444199, 1.3589659334269654778, , 
1.3917091295875858581, 1.3724047897810418561, , 
1.3484282339306270515, 1.3757373600836153571, , 
1.2600462010873583196, 1.3704301537353049678, , 
1.2380447387233481926, 1.3684394223687708081, , 
1.1868477420634553354, 1.3730513505710746358, , 
1.1441906056740451803, 1.3787155872251766198, , 
1.1020200866112923599, 1.3754063346730742712, , 
1.0133177898807292916, 1.3690408069472426167, , 
0.92172952870811664106, 1.3883708724131738066, , 
0.89581106858743919652, 1.369366549918080711, , 
0.85519563777475626765, 1.3876921478781152341, , 
0.79290738893498780016, 1.3834757298542132986, , 
0.74104899790955658379, 1.3824781539167088074, , 
0.6621910830914082835, 1.3813762043693884607, , 
0.62340600051851846608, 1.3778055292517130681, , 
0.60381463377764799105, 1.3674409093087149802, , 
0.59073965958756968764, 1.3785934080920534406, , 
0.56640938735921197988, 1.377505891573910457, , 
0.52354536880929836151, 1.3792829535502117988, , 
0.50466242541965122825, 1.3817445051572432302, , 
0.47825678573692503859, 1.374931911722443445, , 
0.45823153171980479659, 1.3779611295688076744, , 
0.43506504517737726312, 1.3762936224697475129, , 
0.39213464754167481896, 1.3762436996228675223, , 
0.36630053720865646261, 1.3895407895476523663, , 
0.34442593929122050644, 1.3700302568616580245, , 
0.33586262921351589528, 1.3903250295169424788, , 
0.30486913894064859853, 1.3672209036799292114, , 
0.32810237323357788197, 1.3896943655558022801, , 
0.31469003312217624924, 1.3701903076787096403, , 
0.31716293712575288621, 1.3733999597824328998, , 
0.33300486361888831377, 1.4002059814516996106, , 
0.32829315787702151308, 1.4111868188074898622, , 
0.33560869920754921036, 1.4268961169960994173, , 
0.31920666546356646354, 1.4242487144004327693, , 
0.31385288832538227322, 1.423249045883466124, , 
0.31239142902700511861, 1.4361830382854481325, , 
0.30148103963185479692, 1.4471405110013391138, , 
0.29826286093654508225, 1.4611089652169246822, , 
0.29639608839416198283, 1.4694910948438482112, , 
0.26506891340869298546, 1.4564756403148118036, , 
0.2836913259949068733, 1.4895624101118034588, , 
0.27919131586002166046, 1.5091114301901153993, , 
0.26571028188171819107, 1.504696162136309967, , 
0.25535889300090486298, 1.5092054399227885497, , 
0.24183791923551922753, 1.517330632791477063, , 
0.2365724134289193259, 1.5272630043680690548, , 
0.20456299388766840952, 1.5191856888717334417, , 
0.20388346184084515933, 1.5370270250134840939, , 
0.20249976932118030071, 1.537448400279953109, , 
0.18941147567841143395, 1.5246597406784918594, , 
0.18941147567841143395, 1.5246597406784918594, , 
0.18941147567841143395, 1.5246597406784918594, , 
0.18941147567841143395, 1.5246597406784918594, , 
0.18941147567841143395, 1.5246597406784918594, , 
0.19987537693659351845, 1.5348587392213191016, , 
0.18767374260921054763, 1.5043557383788823678, , 
0.19614233012181281346, 1.4647343124317986351, , 
0.195287952612698823, 1.4390651865027805911, , 
0.18499856501948852561, 1.3599776286240665701, , 
0.18709579641978180131, 1.2902258520335840863, , 
0.19864963239863520084, 1.2615632503290421518, , 
0.2040022790740886327, 1.2462291188232257344, , 
0.19394261097048193232, 1.1945577260170201495, , 
0.17765521387028759825, 1.1510843183499879228, , 
0.16353212354275642459, 1.0438222978815470121, , 
0.15845368678759280678, 1.0002174303165514146, , 
0.16457762702133277299, 0.98118768832700709037, , 
0.16808957447518207973, 0.92407524632445425805, , 
0.15158335778836445895, 0.80394512899175729626, , 
0.15351633308742468342, 0.7885569057929707748, , 
0.15545916107333340728, 0.76711351943615413429, , 
0.16340573751409154246, 0.69722389095799475189, , 
0.15858332102547839648, 0.61902430941704322809, , 
0.15880572866177550262, 0.56269300776214403736, , 
0.16285347157243484917, 0.51381659169155213807, , 
0.15021372147881034698, 0.44491183137988399299, , 
0.16589816165699050599, 0.46261294083863335747, , 
0.16436734679395864633, 0.3965103587986505973, , 
0.15464475687577189378, 0.37213341962044310662, , 
0.16204713170576751091, 0.35555468913708010437, , 
0.16502456527658332375, 0.32832483286497371466, , 
0.15252288996822649381, 0.28813490578653488949, , 
0.15893537642826566225, 0.25007032062307821274, , 
0.1522396738219378709, 0.21544045272031309146, , 
0.15109493369776350047, 0.2040265065144510892, , 
0.15421026099918516694, 0.17129858283129295593, , 
0.15216036787859849033, 0.16646926805089956591, , 
0.1542073354009312891, 0.16371849065469701312, , 
0.16260768914236295446, 0.17936281308708790228, , 
0.16260768914236295446, 0.17936281308708790228, , 
0.16293866134262441348, 0.17873931293478839688, , 
0.14460709199964255633, 0.17190904727071820712, , 
0.12850071855666050924, 0.17765430233579881936, , 
0.11171065887348513579, 0.18679829833430161568, , 
0.11960797056122274284, 0.21987706080191893321, , 
0.087683036779565626251, 0.1729327815962679038, , 
0.081912682503269051981, 0.16848220140878222839, , 
0.071655946778083901005, 0.16069296675474764591, , 
0.061632761275823289004, 0.15147240203927503366, , 
0.040680095536058724637, 0.12815153977698579002, , 
0.038686350279920234119, 0.13164561722151968404, , 
0.030094323147418278186, 0.11966483254519078017, , 
0.019915011103858348829, 0.092573892914565525381, , 
0.020386512692987024398, 0.096431754503263245049, , 
0.0096596045115817097404, 0.06326011830610911435, , 
0.0057871711941546721825, 0.046307071145021194702, , 
0.009801302620008833788, 0.048701806529364177756, , 
0.011073992115187392127, 0.048795363918556877714, , 
0.011073992115187392127, 0.048795363918556877714, , 
0.011073992115187392127, 0.048795363918556877714, , 
0.011073992115187392127, 0.048795363918556877714, , 
0.011073992115187392127, 0.048795363918556877714, , 
0.011073992115187392127, 0.048795363918556877714, , 
0.011073992115187392127, 0.048795363918556877714, , 
0.011073992115187392127, 0.048795363918556877714, , 
0.011073992115187392127, 0.048795363918556877714, , 
0.011073992115187392127, 0.048795363918556877714, , 
0.019549927485634499558, 0.042050246345712860574, , 
0.047220603508924097191, 0.048011828499821218585, , 
0.063655480903537231541, 0.040027536410474295892, , 
0.13462710015123863228, 0.041478267512324196176, , 
0.21611582670884238455, 0.042340011760503837301, , 
0.23920830921236541089, 0.042248236786319726122, , 
0.31045694024386133458, 0.053163905388082022263, , 
0.34720518760687762994, 0.049106545866591022609, , 
0.3591352862306135818, 0.041604837208044087582, , 
0.40400252120410712342, 0.046607668506853050516, , 
0.43522779715294906966, 0.057386010870579151621, , 
0.4941365710110516285, 0.057525213588949908328, , 
0.55681754336856159604, 0.050579986376595775788, , 
0.63515583430712618807, 0.062546431216551789944, , 
0.67246364246112255714, 0.057669371768969246439, , 
0.68604295924394742556, 0.054144129551963127156, , 
0.75521364494726439531, 0.073410484391642993884, , 
0.77218369587114876751, 0.068475522016593681762, , 
0.83230415145090508311, 0.069418941825818425428, , 
0.90726624473162931217, 0.068251953861026781745, , 
0.96714342750511916869, 0.069180200066026431571, , 
1.0333803298233910084, 0.13748020643519831552, , 
1.0857263148434033173, 0.080090462723804822787, , 
1.1147996466087721767, 0.17061978664464438893, , 
1.1453111551623313957, 0.118518520813426953, , 
1.2131206069384710133, 0.12082021329273917587, , 
1.2551113825207100838, 0.12667369859045551905, , 
1.3225392461611371608, 0.10480079884184512196, , 
1.3431239703929691576, 0.10487039440988299432, , 
1.4104573731656926405, 0.1004892258062861643, , 
1.4502429255417719212, 0.11276687174161681426, , 
1.4911285101379991858, 0.13618511549619993772, , 
1.5788699246741000337, 0.13038080049012501505, , 
1.6204771241944504467, 0.12910930233035777803, , 
1.6974549174759161474, 0.095411203702481461875, , 
1.8103718512036772736, 0.086103679339947003513, , 
1.8598969840701338185, 0.10005378032725431581, , 
1.9146733741188812772, 0.075058708227540460456, , 
1.9514305309982535874, 0.072647988818885345097, , 
1.9534585604497718414, 0.13387624005828380191, , 
2.0086744451433697911, 0.081586771905214128253, , 
2.0096928388026125134, 0.13118548704415422534, , 
2.0882681506537399407, 0.058530263638277624239, , 
2.0506649495419080331, 0.13145576520242352458, , 
2.0934723688435519229, 0.11818958190331718683, , 
2.1458599395515154384, 0.058743698163403745838, , 
2.1575941505984661539, 0.057220689599957630378, , 
2.1931271556367124553, 0.038479586006495036798, , 
2.152928704340311139, 0.090509878443085778343, , 
2.1443860059970201171, 0.1073386465072441176, , 
2.177839222312799361, 0.044537034777128781116, , 
2.132790776959981649, 0.10913972312926967234, , 
2.122495756638169695, 0.10097654192298088915, , 
2.1557265806143477427, 0.023499548882112364367, , 
2.1832008374300229114, -0.017874037181167867772, , 
2.1310577593315613854, 0.053896509049474516928, , 
2.1500520527550812666, 0.016519286027366408831, , 
2.1387511555142779685, 0.037958837134930867308, , 
2.1611062607528643831, 0.0003424921025017013676, , 
2.2700214036026995501, -0.16096743573825422757, , 
2.2152896656985734403, -0.058627678172504804621, , 
2.2200905074914154547, -0.059369380178086128552, , 
2.2408597095039874958, -0.071659938122730526544, , 
2.2701428341431166835, -0.089674650540982447922, , 
2.2891625549623264568, -0.10440749527112336281, , 
2.2980971025756469217, -0.10110455112921323817, , 
2.2658190302257539273, -0.043075015928901283502, , 
2.2658190302257539273, -0.043075015928901283502, , 
2.2658190302257539273, -0.043075015928901283502, , 
2.2739925438792409906, -0.05363582376700115617, , 
2.2886977941846251561, -0.041597916696558989713, , 
2.3132377328764084368, -0.02021180495659136156, , 
2.2899033481368946674, 0.079782583625544578609, , 
2.2755450654095512597, 0.1401073143526141429, , 
2.2933342330766568473, 0.18330951403057804683, , 
2.2884015402974848818, 0.25160058848111255259, , 
2.2989871302014486254, 0.31098380584421558837, , 
2.290369316666364341, 0.38513282804524329173, , 
2.33397898967594708, 0.26233784805041815424, , 
2.3510476935755271199, 0.30245765188152690106, , 
2.351036850924659305, 0.35481701219462918884, , 
2.3520094733666678799, 0.39539185175736357714, , 
2.3528169627131108044, 0.41686357687416120132, , 
2.3524858813686253534, 0.44034796136107867692, , 
2.3621083813800680673, 0.48315365565609402765, , 
2.3717769285320611239, 0.50142317090241239619, , 
2.3614071207911431216, 0.57074574969740010655, , 
2.3672606280499044473, 0.58763644517724922256, , 
2.3813672522706297308, 0.60947003189465309703, , 
2.3692557646384511116, 0.68384541718828040224, , 
2.3651784348173423567, 0.70602700051012656779, , 
2.367375440992212976, 0.75038749301583562712, , 
2.3706531684461342735, 0.78593081531811570528, , 
2.3863111627201076814, 0.78629157594423526589, , 
2.3713147396824432178, 0.81538598659864502949, , 
2.3713200249250512286, 0.83578117216869141082, , 
2.3728045603293561605, 0.86576709423605224814, , 
2.3751852014436627414, 0.89759874129674210863, , 
2.3761531365243087066, 0.93050663386819199019, , 
2.3835767331591193319, 0.97171403929598199056, , 
2.3797103496740628081, 0.98497966114330925969, , 
2.3811045013396885395, 1.0158416399861074364, , 
2.3708572245670329615, 1.0443677149130989879, , 
2.3742995347053370558, 1.0297154378609563175, , 
2.3790020513040763817, 1.027724934182943306, , 
2.3971243738843281967, 1.0166785197514904837, , 
2.403630013505679397, 1.0321853594023768785, , 
2.4102673753528165435, 1.0260681106320475031, , 
2.4232733589558437259, 1.0362119619409315696, , 
2.427367007334924498, 1.0400940521031345476, , 
2.4302215705680128011, 1.0647087841123945573, , 
2.4367736782398723427, 1.0836840592722936094, , 
2.4642566866429356232, 1.0584764385841300971, , 
2.480696435328499927, 1.0675241272392357317, , 
2.4816756435131424041, 1.0858253673208690948, , 
2.4961970837284699343, 1.0846726039192946534, , 
2.5020337126494709423, 1.0837270307874184994, , 
2.5032572630214819931, 1.0975545234797139393, , 
2.5266139001373435491, 1.0894212689145006401, , 
2.5228431714903729599, 1.107671979094872583, , 
2.5346477345277564908, 1.1025222094646631721, , 
2.521598359364730868, 1.1343960206345453656, , 
2.5341100094599333659, 1.1308511051445104822, , 
2.532988901447562391, 1.1463620425309666295, , 
2.532988901447562391, 1.1463620425309666295, , 
2.5244477577385464606, 1.1675847149618763243, , 
2.5259366484621166293, 1.1651020919375809637, , 
2.5253839595742086921, 1.1717727903969148429, , 
2.5253839595742086921, 1.1717727903969148429, , 
2.5253839595742086921, 1.1717727903969148429, , 
2.5322764381019355895, 1.1459600055484184811, , 
2.4874330861653071167, 1.1534831554976583412, , 
2.4373101659463896063, 1.1675791924487106677, , 
2.3749452231720740158, 1.1692921717090645206, , 
2.2969951038264433407, 1.1763792625535243186, , 
2.229079682951618846, 1.1870300395890001077, , 
2.1771484788775019581, 1.1680229433355586721, , 
2.106420208450269449, 1.1798762465603309657, , 
2.093430016828241591, 1.1749058334582944685, , 
1.9231603494063613802, 1.3452387068443028006, , 
1.9097463569317696397, 1.3386385308922039705, , 
1.851264487869451969, 1.3298969228475847615, , 
1.79800289365290622, 1.3420828766698549295, , 
1.7370393272699042875, 1.34040840113202675, , 
1.7140813912261534391, 1.3406566298926079206, , 
1.671672174200541594, 1.3489253931955893506, , 
1.6496958545658966244, 1.3475542636138331254, , 
1.6062252151508629172, 1.3425118038814418675, , 
1.5604600669371229138, 1.345137915687105945, , 
1.4895936387657799926, 1.3559799470407620792, , 
1.4583661207255342873, 1.3434154583483834955, , 
1.3862021101134855972, 1.3536276326007969928, , 
1.3645852041327457549, 1.3568651328152789848, , 
1.3187791580374803591, 1.3522114677723151566, , 
1.2511199704561180024, 1.3591848668850932125, , 
1.1863010942176155371, 1.3595419809613416007, , 
1.1534092886113744836, 1.3366428164564503334, , 
1.1251056083280883691, 1.3536501848012088001, , 
1.0779994888831940791, 1.3465812541952169035, , 
1.0509538032460050694, 1.3678616672980346003, , 
1.0146480683498682041, 1.3452413868194770252, , 
0.94809167883303979707, 1.3439983967935404952, , 
0.88090421268204288641, 1.358763673000830563, , 
0.8602961992497388799, 1.355930119735395234, , 
0.81955407478862773996, 1.3686914317206673175, , 
0.74874286297433800819, 1.3684008074277622669, , 
0.70598416308877409708, 1.3617846449711530354, , 
0.66273564046055311039, 1.3637524466896240316, , 
0.64765771963045870585, 1.3628733442176752533, , 
0.62575563794972921539, 1.3778553509882636163, , 
0.60327656724788258913, 1.3549481214838583476, , 
0.57557237467168975709, 1.36167103645881582, , 
0.55890986666265907168, 1.3539000758305497207, , 
0.53924951768491258264, 1.3689643803255977517, , 
0.51149174953844378511, 1.3584705280578632802, , 
0.50133275324278381291, 1.3720344206012842214, , 
0.47918056194155211891, 1.373268956218390846, , 
0.44719710751884422795, 1.3676985929329530389, , 
0.41142299524587955251, 1.3680042721421519225, , 
0.40999765682084998719, 1.3835272033902836775, , 
0.40023325438145135324, 1.3831709693376057491, , 
0.3681424926750727078, 1.3656846328878557983, , 
0.36030752417664640985, 1.3650842963540930075, , 
0.33517396119512266051, 1.3623605868914288042, , 
0.32262320164534391553, 1.3672720093778036876, , 
0.34295250230314749951, 1.3797299310957136242, , 
0.32671291317136885723, 1.3625979926398010811, , 
0.32915135457881322667, 1.3628070513668415487, , 
0.34045401903003746913, 1.3848676649014171058, , 
0.34168517631657618905, 1.3923467963230415911, , 
0.33975946991910732642, 1.3992145555609574181, , 
0.33159259413611424927, 1.409977986395267946, , 
0.33109347292086122039, 1.43440946356046517, , 
0.32408191294654631331, 1.4476264734874346729, , 
0.31600718590796039731, 1.4564741824504481293, , 
0.30352731352871831216, 1.4587078357710916432, , 
0.28799602381304445498, 1.456384031524672773, , 
0.28912687527979541446, 1.4771364451788946415, , 
0.29256070693162861129, 1.5017268284719571536, , 
0.27760078048699521336, 1.4911749976176866817, , 
0.27348832068300776843, 1.5016480629209363329, , 
0.2519526064671507859, 1.5012501550853680765, , 
0.25597435207513108413, 1.5208664504689448638, , 
0.25050302090663478793, 1.5308525090673428259, , 
0.22208454231616070462, 1.511701274797551342, , 
0.21167523300702095757, 1.5174766837262669839, , 
0.20719689570413724056, 1.5197323236497077836, , 
0.20633879359625639793, 1.5199056812338422873, , 
0.20592613808236714945, 1.5203321383816468249, , 
0.20592613808236714945, 1.5203321383816468249, , 
0.20592613808236714945, 1.5203321383816468249, , 
0.20592613808236714945, 1.5203321383816468249, , 
0.20592613808236714945, 1.5203321383816468249, , 
0.20592613808236714945, 1.5203321383816468249, , 
0.20786680549982006205, 1.5138657041370175982, , 
0.21109157711542636537, 1.4925763818912864966, , 
0.19833261232213517111, 1.4672866155272441535, , 
0.19825120714731814253, 1.4488130306854309914, , 
0.20456776261849085596, 1.3878663337689027824, , 
0.20978335436693396066, 1.3284596603270504289, , 
0.21669196868609952311, 1.2559759118414410839, , 
0.20327059900287791638, 1.1903791174593041369, , 
0.20630943066391116414, 1.1233771573000777, , 
0.20638313799857166408, 1.0608970495654328481, , 
0.17721983157950998988, 0.93495027972806388217, , 
0.17546321816091320356, 0.86681730528059508512, , 
0.17633744242978705019, 0.83278724710663076802, , 
0.18086670272173949181, 0.81215171415808173894, , 
0.17672926867339838752, 0.740221157759629933, , 
0.18007541120303632853, 0.72280791070612904203, , 
0.16545720185738005403, 0.6371843762464902694, , 
0.18415086373057537594, 0.61293172951836194517, , 
0.17266217062736316512, 0.57130384840456416295, , 
0.17267837773611743879, 0.50581504393880327708, , 
0.16410977116705222079, 0.43980067909111608682, , 
0.17151293976324560875, 0.42551858935039466036, , 
0.16330724432736659635, 0.39659040989265037513, , 
0.17061765131040834698, 0.37351935923322421296, , 
0.17057847523303187875, 0.36286160490391949907, , 
0.17239928770387263901, 0.34840353654278699569, , 
0.17423638347672082416, 0.32481442745741329059, , 
0.17532186041177705293, 0.29930999378775158259, , 
0.17009774014419903887, 0.26465495510323133743, , 
0.17211638238084475683, 0.24779353611369270283, , 
0.17041642245212790252, 0.2097318271266380707, , 
0.17804720521246625298, 0.18208277394445537833, , 
0.19483380524049570548, 0.20630211756468597173, , 
0.18020980042014095313, 0.17788188110809721731, , 
0.16996333213202347023, 0.16351153095965687001, , 
0.16996333213202347023, 0.16351153095965687001, , 
0.16721068217302342829, 0.17701045516790225864, , 
0.14858727851664893516, 0.18116176194922062326, , 
0.12655280849699329648, 0.17812092831126491443, , 
0.11837061226121348145, 0.18324425433122615292, , 
0.10101991748517707981, 0.16951401672404320387, , 
0.081659662449275527418, 0.15544667969849967903, , 
0.068756628598655444851, 0.14886834860985065365, , 
0.060832304937060655003, 0.1369493353536771485, , 
0.041865946755450023087, 0.11183269147404206745, , 
0.038358646818937469636, 0.11070941634521647146, , 
0.030940851509978606337, 0.091882341895752284167, , 
0.025244843840967090554, 0.073369540077110495524, , 
0.029031929433967873511, 0.070169110935773937321, , 
0.019549884978090015242, 0.045412280286392214812, , 
0.022052793689252003784, 0.047977305747959664295, , 
